1747 4785
264 562 -978413498
472 1374 -694474273
141 1674 260175223
701 1392 300267638
1402 248 971800609
187 223 -275255395
155 342 304302582
1075 1262 159804961
665 1730 905165474
1250 70 302603696
1175 333 945443768
1194 804 517961520
1461 945 434115696
815 1645 27854734
204 1300 311079904
179 1486 565288678
812 1640 955929337
205 968 399822438
1217 1632 380745561
1134 1135 460296349
525 563 840662125
478 10 -239358167
57 1469 841501767
1309 537 724340744
460 740 212517482
1605 918 -86576567
1225 1729 -209444759
1187 186 898228585
663 1402 766242097
122 790 64916844
1397 1314 708368950
1258 45 718184914
176 101 399890462
38 1409 -986339180
1543 122 -140236378
856 1726 909999479
1653 1205 889112994
597 644 -898593250
508 1306 706685706
304 1428 -389884661
1234 1078 -885700659
979 589 -835318518
733 764 -720776718
209 801 892040435
221 597 -969012324
972 1452 -992855090
893 1358 385800813
797 208 -877115277
885 715 618219077
629 1019 252549437
1162 505 -513827848
1261 1484 159749348
1405 470 -966077144
1649 679 -49805555
1555 899 632904855
1582 124 294571572
1588 1016 -151381971
1052 66 85599461
1159 950 903744458
826 1578 69295115
173 993 647168277
598 507 345732895
1610 165 883173882
1640 67 -340618299
723 1621 688017169
403 1456 828843911
1533 1297 -8138597
528 602 66182639
1476 14 -846785628
1392 839 959642306
579 1011 95581779
271 1608 675332133
1446 1471 863574848
1344 1364 939533206
173 340 795247642
1647 742 461705829
1498 528 -53947319
618 1054 634089005
1548 783 648699528
1682 428 -391896675
1647 1006 764849834
857 1276 605111204
574 974 288636787
455 571 -150650564
402 744 237443595
223 644 -914175880
1499 395 -310937417
579 1011 895777011
260 813 -208433135
1699 748 280176604
484 648 -569098657
279 1504 890909357
1680 331 5933544
1059 785 659147784
54 1186 -490066220
1135 1408 246308697
1210 1160 697116447
65 1738 -145781565
1720 251 783797296
665 203 -360932593
37 686 379671070
413 964 101190067
318 897 478956530
1196 209 -623454693
898 262 733489604
1344 1396 345037062
686 859 -327106488
421 923 -336888367
1167 896 -50219571
978 1560 181599428
1536 1596 966671957
995 262 69847848
210 579 -903761693
1501 28 -665519880
84 925 -366077278
1597 522 -767990291
1025 1207 214565199
1613 1627 -729348222
446 1047 296046454
1275 278 82316091
560 67 -90362703
531 1060 208911411
1465 1269 871047791
1549 1023 901979982
95 1106 -39144230
649 956 557608930
851 234 -61451837
165 100 -199210088
402 545 998552612
1533 72 -684366439
732 632 -608899837
1526 1162 604623487
836 880 57393601
723 682 -771632964
637 776 494089096
1476 1424 -411950613
1090 528 -144715029
163 693 -31310642
862 1093 591374181
861 880 673119867
1137 1611 -604474155
1478 1390 725264072
1133 478 -267817604
310 1200 512519124
509 91 -599245622
68 1566 -969189125
581 909 -365301673
1328 1071 426981931
428 187 -321686534
71 1047 684739383
1531 437 528575776
131 168 119459942
1637 1300 666303291
530 1609 40153613
105 372 142990892
454 438 -64329104
481 1019 975802554
1035 600 201934029
535 1026 414855234
1127 1096 -386881222
852 880 112358223
440 1010 303673733
1418 900 -208311205
1126 1429 -366202991
289 1532 58365411
1286 240 559483100
357 720 -274800539
336 8 410799463
1385 543 -415027534
875 1669 839092648
1410 774 -153720122
635 1213 -997940001
27 884 31697083
718 264 -332626473
1271 551 -578391547
449 90 -304843760
65 447 518827762
698 782 527321347
184 420 -852381074
694 1294 -941966039
554 956 -56694161
1293 1590 -667989667
1294 1616 343607388
449 587 644400293
1032 112 -725457337
1400 560 -622974611
261 624 -112480633
1587 1321 781827149
1174 1503 -738117231
1303 451 742541457
1353 1003 -163078008
431 549 -342617404
721 96 -492402996
148 544 179254008
1583 1575 306150617
77 1228 946652245
406 1487 -339758011
1181 1327 -827880689
990 754 893083671
1219 309 -591892462
994 1662 556283557
1725 346 -816108392
553 1065 -707008312
996 1212 -84719118
279 1048 -281867284
1420 1124 -876844359
1373 1529 825505899
204 963 344011249
354 207 -794006958
260 1425 -440929800
617 672 -538723315
229 650 -144081664
390 1202 -924994515
646 451 462145521
1445 729 -338261264
326 402 948327792
433 28 698938079
281 230 -198911036
1454 583 36607593
1634 843 -332623261
376 1458 435937854
779 1687 -820787067
1526 330 554584570
1591 974 -930350232
1122 672 -96337465
1700 997 362773488
1654 1429 393634874
1392 1709 656488680
345 1416 -676545784
1250 1303 287615152
87 1678 -42920970
1340 710 -111870599
1497 489 264657876
1108 333 -620343858
1169 1454 148405081
211 1407 -710962592
1401 1314 924708764
872 959 880925048
572 1303 501697508
854 806 -6980812
232 891 -86039716
1068 485 725797481
97 234 -715550883
1201 1341 -335079325
1533 763 -670642326
789 973 939498851
1042 627 443671998
976 1498 -459184807
872 323 -967982600
437 1176 -46113788
1304 1408 973798367
356 729 -472308281
116 825 -205220800
365 279 -670354620
945 65 201940026
1233 853 -684674325
1180 148 32575812
694 1123 -252674685
1166 248 116062860
1194 684 -537757335
281 240 -926520121
258 595 -93146466
719 711 850493028
1413 1074 -830943761
1700 272 -757800692
1004 1504 218327314
1279 937 386477666
434 1630 -328640871
1087 1049 -46103251
315 497 735788035
719 777 -989947827
783 1034 -309350552
1575 6 503377339
1444 1417 -267315034
1592 1371 43492999
57 627 -234840884
1121 159 837182165
585 593 703234146
1171 1679 -95869750
258 247 471887876
27 965 -639606762
36 1747 543444700
639 1574 548733982
205 1271 171040281
845 1116 -259991020
10 1172 457580103
678 545 639079326
536 1130 -682917537
277 554 -761085175
1066 811 -479360725
605 837 624498475
920 872 623972305
521 1510 425914298
127 1714 -119182517
1149 812 -842261902
49 821 498875450
1322 1498 -877443146
1007 287 415259974
1284 563 -951656059
1492 1628 -24294497
201 486 933132691
1619 1405 -69322319
1291 179 -341010081
790 305 -378553254
1558 1453 550733125
1696 1502 -509657942
1259 1077 -794567341
1366 337 -466812907
855 1619 176839505
897 1365 40520146
3 1564 596116892
1691 1436 204022980
757 980 407683110
1333 23 755831264
129 1580 419507723
1483 1529 138721465
165 1041 -628947404
344 660 -244419560
810 1514 -390612541
91 664 -828611521
1000 666 962222773
647 610 606388816
1698 1366 -272141085
1181 952 -247452634
968 1080 -438728349
461 816 -688230130
1455 980 502917472
33 1323 -742728690
693 386 990091359
1225 476 -250278440
1374 1475 511867414
1341 375 -790338387
998 326 773781835
1633 1506 -136781998
544 727 -900583144
1034 1187 33111524
1306 895 -845355935
872 927 669447135
1097 1619 -889292171
1088 1096 -344734348
1743 724 -656359250
1317 318 -228049983
1500 1315 144216430
1302 1201 -131876894
310 1744 699501301
397 1031 57858744
1298 591 -918083104
1433 1462 142728354
1145 812 -4126442
1242 153 -749260036
68 149 78716053
368 1465 442024597
1042 1217 -52945588
294 772 -678335588
1052 1081 -681598039
790 1477 498538711
1713 1028 -826155468
39 715 847236893
1037 113 -224012895
160 1353 -49813473
379 1420 119556716
1321 40 -204034912
833 1081 -810926745
1660 1374 72663050
195 680 -690047523
473 1469 -999641611
35 1435 176992312
187 1473 994498311
54 763 -877676480
731 922 671175768
1561 1299 296320707
792 873 341399085
1487 1705 -421639081
1652 1619 -848577361
842 67 -71292650
1113 539 -390283646
1113 573 -747691606
395 759 938400367
390 812 -189279373
497 1542 865142731
210 1355 352406643
1341 400 -648771582
766 140 -696367348
1271 45 -843326245
1404 887 -767983859
468 253 -151938230
1001 1365 503349352
1221 13 -628276579
1167 402 300420866
129 897 65428796
11 1106 -383066264
1192 700 74492400
1498 1466 234069877
17 990 284739424
154 647 -700835911
357 1114 -412703652
1097 368 -850505409
664 1587 -837248870
988 1007 -378435722
377 1135 648257552
1307 1145 -85993277
100 590 715132496
1038 341 393033955
369 358 -473927979
1491 511 265669330
6 867 -459466767
519 217 -39619916
649 879 -222481726
791 121 930348172
1334 497 229590405
1027 57 -459612296
79 156 215146711
1576 1193 605095846
1046 1562 -986132239
1506 1306 -401863791
865 1311 589917330
1336 83 837272897
429 731 -156447740
1108 1522 -19521161
1047 1109 548473500
374 389 612965042
846 467 790887198
161 296 156732368
1562 1341 -55429569
1574 1100 -560859191
350 217 939607592
1738 1553 -966732874
1596 235 -130385996
587 1341 -388600646
1443 641 880187454
1048 1014 -675764142
711 113 -142448713
528 273 195266235
1538 88 -269585339
616 1661 989068582
1000 265 -763102670
947 256 -985565862
976 105 -717940912
1735 691 817290454
523 387 -449523591
419 1434 711207358
702 398 839871004
1450 925 -848385942
748 716 -748467633
1385 1331 -846506309
1376 584 -544365762
1583 1530 -252128663
1595 760 -132522113
95 748 658006146
1682 1270 -900065047
416 1687 741737807
164 642 -803620248
25 345 254747982
157 1092 -926425131
377 730 597430842
511 359 -734543289
908 195 -982739935
1561 43 -113891969
573 137 741614613
274 72 195179164
361 488 126989138
136 651 861280394
307 675 -744395784
1403 831 505226839
1467 1206 -659437076
1115 1716 -249318946
1347 877 -27521444
1362 691 20389569
390 1263 176473181
164 1536 258019845
1208 150 815505970
445 285 -439861088
324 591 331789674
547 246 -717927683
116 1712 662519205
413 1080 626624029
1068 680 -369978971
171 296 420581537
1062 684 -134216554
343 847 -376367103
1441 308 -205935155
1280 752 118817096
23 1076 794269402
1186 1622 -924830255
1432 1737 -964907005
1137 403 271469992
812 1470 -950242553
1362 1640 -612784576
856 955 169951954
1612 1297 -860418348
410 991 -508716320
1103 524 352047177
334 546 -416847461
154 1731 -559796022
220 1416 -571571663
251 807 -111611463
1361 1617 -429234368
1404 1232 -551961822
1742 341 540595746
1017 205 24911515
1139 614 -840994668
1568 1716 -241616834
1002 303 383183926
1512 456 365197291
150 675 -13504425
524 925 909597982
1299 538 761128543
52 195 171108287
443 190 560118751
42 1207 793943380
937 599 -503784930
1075 420 -539001334
1737 1422 -192888738
1199 1186 328822261
645 1335 -898698591
1506 112 159641699
1427 1411 775313124
1219 1461 998073131
495 157 -784862858
111 198 596457113
1677 1133 -718385305
364 462 -238106432
767 452 -610659094
1471 1650 747109250
885 548 275402579
974 307 402649227
240 1733 17237730
44 1205 -310066278
42 1698 -131224622
230 62 94358443
1624 1738 -608405564
124 356 -80511313
789 1121 436424361
1129 845 325585386
908 1730 952169053
275 957 -697329065
1500 1196 -713310986
642 1239 665351833
1244 1280 609767680
257 1509 680055307
1212 1386 670158091
1554 1508 -923708894
611 550 359453014
119 1678 -673244920
1276 839 -692980437
1234 1113 401547873
1498 866 -230018292
3 1507 -812365806
1456 1004 652578461
1116 1260 379951651
836 725 -33789121
549 532 -307029162
615 1141 322125094
56 1259 243014555
341 788 -797251530
609 275 476729418
87 26 -532393372
759 28 -807382171
923 1483 341696741
619 852 -216381255
78 1687 612742282
922 489 -779338213
1527 1103 526865947
935 1158 -32220877
274 1498 868986700
451 360 -817342270
1740 446 -788536851
402 1204 -757908032
571 380 939896021
1742 998 -85357010
680 1075 -153611823
342 250 405289675
535 30 -332361408
121 963 992887940
966 1236 707792800
852 1686 -880627265
1011 1680 -370824383
1196 335 -992816845
1407 904 -558970459
1355 899 583293236
407 1578 -186074105
1146 173 99138392
627 707 131901568
1210 827 -765659483
1204 46 649469791
949 897 580037861
1053 162 502774147
1602 1357 885285273
1608 1017 -79810930
247 625 949182276
1630 1031 755883639
594 431 953035440
1554 1057 -238700535
796 520 707541661
1000 1722 759541151
694 924 -213715363
328 230 -29570154
1640 85 -476560072
1540 1692 687406850
597 193 -597773364
553 75 582542273
339 669 -925258062
298 475 284115304
963 1270 878300965
708 524 850186861
498 1217 -92434211
1184 1544 169810486
285 1437 266096569
742 1229 203607190
469 79 423371893
821 631 508683911
456 969 -726530860
521 1267 -183134030
1642 483 -729224028
1536 1189 -130460341
1405 1686 -737373174
452 1124 -969924669
1473 1408 674659321
832 403 81664071
137 872 171278648
1380 1691 892685329
951 401 1767750
1189 921 -548438646
157 817 3365601
393 606 -635277843
1152 264 -704827831
1381 715 581000275
1408 441 192636320
1124 1272 653520233
322 1408 -348941138
1344 1041 -412521158
1251 245 45322447
379 1433 -900668385
773 1589 33621648
1649 235 726493514
222 1386 -971865928
480 1020 -153890890
114 681 350229113
1155 58 -193409346
852 379 -581199081
1421 1722 610231804
188 1226 889567219
1100 1604 530276303
1187 630 349225027
343 533 617189361
105 754 203708964
129 1232 -628589337
868 1345 150369785
301 753 215245654
1005 1604 647702340
1370 1278 619018493
1030 1465 21879439
934 818 -141947068
524 258 579100321
1701 600 -811612788
1367 704 50635757
672 832 -538981873
996 1699 -999465405
255 252 -138178516
1315 1256 -301600975
1008 879 -838673920
675 162 838081492
1567 1095 -226012291
570 1617 68376343
203 1572 754869046
368 1192 -440040669
1285 117 511781269
1687 1112 456443969
1688 1366 744176545
694 934 181569650
1304 195 -812575797
1445 869 -628027994
1303 690 624780279
233 1259 476125325
1166 1461 275232172
952 82 -360709819
1440 1366 -227991685
1014 1306 -955202762
540 1246 608026735
316 193 -323057539
1348 1496 -100753245
1511 1194 893958109
90 750 -317044037
1509 982 -875706751
1051 400 797070286
419 1351 889674288
977 1044 452741009
1651 312 -52711420
1690 850 -626148409
1348 1166 -405748471
193 767 -693112583
978 531 673085335
885 620 -469073224
1481 382 654399446
1590 1432 -888120309
1413 104 658236556
1316 1080 -146570628
839 983 209239408
1665 926 -817889367
246 527 516219595
765 718 -606864058
1033 1695 283876
747 833 709635406
1211 567 -854029191
909 410 785415410
1007 75 903201382
708 1390 138618905
1453 482 -736323706
763 400 323170784
922 645 925129112
500 1409 -253506260
843 695 -313488580
1716 1441 639140261
1463 904 -712663773
1590 66 -244607433
1403 1072 -159620434
1318 33 -568028489
566 1485 -17090588
796 501 440481847
206 1422 -821459590
140 175 791336627
792 1017 -414242082
1391 986 -765110387
1076 702 269658491
1327 545 344463997
240 200 -428814178
974 1517 -391939477
1351 337 -691482531
463 1132 -118203932
1721 1336 -489993044
131 1476 -290630276
1695 520 873020315
460 165 1242606
665 1240 803672004
27 820 -573720684
1201 1059 -345520046
1700 286 -608524701
485 1636 -224115743
754 353 -928616881
1524 327 601142671
223 456 290292026
842 404 885324921
731 863 -927247225
1605 1527 491715850
1434 1553 -570449628
60 1007 641648907
632 960 968391022
973 1443 841748227
1651 450 -755370067
1713 227 -382482013
1365 449 138952797
745 1290 600270994
645 274 -412769508
709 133 -665279095
265 1566 -887599277
640 1625 264733943
327 510 -637093610
299 1482 -985021417
161 1386 -470532010
375 1352 -211829319
914 969 301093609
162 1714 -222393501
1559 612 90729664
326 1319 241705712
618 1583 34206645
716 476 -105488220
74 802 477101068
391 1100 173449813
404 1261 -240557732
866 1635 -693538448
1555 801 415650336
944 963 377300648
1623 775 -923262592
829 1100 586713389
167 1717 398944442
1070 686 942980940
105 760 -139528211
1395 1150 -880191990
673 1553 562737831
1336 673 433891186
1604 480 -649213941
1094 1424 452375248
550 1300 -661070250
617 382 597680052
256 549 563347062
1477 1618 -651668497
1428 1722 217367316
433 1370 -466639107
537 296 -688709186
156 1632 80625069
1408 1488 629534340
1714 835 259112234
1236 1384 -253034747
1532 254 183823058
1180 509 811391362
799 239 663876810
1103 1666 635791182
420 352 204235544
886 888 542659711
1157 1043 410505949
355 704 114235808
31 670 -930500373
1131 159 653598052
37 1690 943268492
1070 1123 -474775664
905 175 -201589974
612 1277 -294193498
294 1696 107885553
1345 835 -875544812
946 245 318253239
431 599 -876829108
1404 629 -110005795
1465 13 71098425
1162 49 5413305
1113 1118 -709381106
1571 276 -509937744
522 887 952074893
1139 1180 894024121
360 779 -150729166
468 1724 129105843
1619 408 814154219
1727 65 -466049697
758 1529 -452393674
1693 945 -397912455
825 311 881217013
1078 135 -803613903
1506 657 211471602
1464 48 -437735285
1372 407 453000977
367 875 426340102
1353 747 892788039
1191 727 966580595
1657 1484 717217398
389 1430 -201703500
914 507 153086391
811 1584 306811410
982 1344 -942118420
294 1061 -887896597
785 686 -422637568
307 1052 578113853
1552 658 -567389091
1459 101 264024488
1430 11 -37651203
1183 399 -401317739
134 1313 178438184
1140 376 -7764537
535 1358 -469863650
586 1650 744215741
684 688 -471502244
1188 994 732253228
819 800 -515412000
1197 512 -400343710
554 194 -388591599
1395 1376 67450657
171 1508 -430129393
1200 902 -114740
320 1436 -446119286
783 275 -556671430
560 957 230493544
1021 398 -631623387
787 1216 283317878
1210 666 868105378
1734 1219 -910680291
522 867 664178268
1454 1037 390977554
205 490 -577196039
1078 809 -933531104
1561 1591 -620146060
202 404 475062495
1277 1424 929456994
1598 464 321151289
973 1674 -917243710
858 1661 478296483
935 435 -529879334
642 142 656911100
111 346 -782894031
480 1423 142940734
538 1237 -35448252
869 1439 426154748
411 969 56247491
350 820 587083207
1503 46 503249892
1575 902 404403837
1120 91 901953441
1530 732 -936650637
1231 841 -541537791
1420 1320 -912822761
672 111 503375165
1514 979 150384560
1013 1389 -741301033
189 1738 196694996
1575 1494 247690529
1141 1322 -720209058
621 695 -617684054
535 478 219443806
591 1707 -817847921
991 1380 693244724
1067 305 819190638
634 72 -60156240
1638 1084 -469733416
118 1272 -480083894
1162 1100 -770056385
506 494 743105402
750 1114 -462302052
1084 1648 83841920
402 492 38448418
561 1482 -381376589
293 802 -32692368
136 1435 49052826
956 1325 -709986255
1419 1442 746437878
127 857 5408432
328 1362 570175301
103 365 -154857681
573 1447 -267737072
1519 103 294886489
679 663 -8524787
1220 955 909206336
318 1090 551455025
1234 299 68605840
1487 1717 -280642252
1266 97 700405744
397 423 259440358
22 526 676252533
760 1097 333158212
1399 869 449601202
784 1548 -792266419
1649 1020 300800073
1570 1337 -452008683
1178 824 -110848931
365 564 -145454085
993 83 -35908041
732 479 447732817
85 500 -951426110
1549 1259 304313125
966 911 -701207557
486 1694 -929539739
667 1596 237939989
57 1419 -231460739
535 850 711310899
1311 1215 -643731348
312 461 -550149606
1153 1192 -2535439
671 1276 569286451
713 1077 10458383
106 297 -946756714
367 782 992527646
428 1448 819786676
1509 1504 444226713
434 292 -582697218
182 1603 807620722
493 167 -665461717
886 1319 698461206
11 243 158829850
1381 956 -608103249
517 1061 -269179884
563 1427 625201150
557 108 282773435
399 1617 4337043
1660 304 337883292
278 485 172563248
111 977 362922829
403 116 -126946008
139 125 150689554
1151 1505 -755596595
1493 275 458508669
385 837 91797790
58 1393 214731029
1178 45 65248376
309 1704 411889090
1477 236 965964071
754 345 83741968
198 747 215073177
960 885 357422257
219 289 80075659
432 35 393491767
1705 419 -649086134
913 476 944869601
227 1653 995145646
1157 215 945968716
644 1690 -785358408
614 697 -391215003
1560 894 462937212
875 108 -524440556
314 325 -194518457
1257 756 -155399742
727 715 323735706
1033 1626 868089036
985 106 760433685
981 1262 -994893304
934 159 939991360
1121 772 -262349074
1653 585 761008222
1184 1458 883117242
1599 25 -745332462
556 1281 120062514
1294 261 937810840
703 1293 799710306
588 532 920491942
379 1512 365404123
383 699 546335940
331 73 -570748536
975 1725 97892662
766 1162 -232667288
664 1014 -205006130
887 1569 -739048205
118 1116 -441301745
64 72 -960852884
1635 659 -352832022
1566 1037 -622093514
1012 1420 177331356
616 4 260084183
991 978 234949960
203 1743 -435134099
873 661 725391447
1567 1546 522008142
49 1664 -200683758
537 1727 -118948547
571 1615 635302811
1136 1434 -177495997
1466 699 -552238276
747 1314 -548932667
101 557 570071756
1180 760 565783215
1673 1631 -678681047
1433 1451 -908653494
1016 1499 995928388
1713 289 972875440
737 858 821897968
418 247 463487913
1136 1712 -736950602
1527 712 766918362
175 813 -595653731
1546 245 273225781
1167 171 140889609
1447 1603 -197668375
1527 871 -481496379
1523 838 -151896148
1500 1574 830279434
1344 245 -887801656
876 1380 -928232933
1105 1160 -113683039
902 1334 815932206
1255 1133 -904437234
620 552 -709925461
1616 253 -875141026
571 32 121924210
1024 1555 -919413507
18 1307 881897270
1616 904 -838840645
1714 33 740876749
30 1138 68811177
804 292 -403970027
643 1546 892604888
727 420 -475680859
980 289 -187508317
1089 859 -151530980
323 136 -371820462
393 152 -875501321
290 21 159324409
430 1734 196144644
204 17 -501991219
1137 820 -168164819
1658 1463 -398029885
1564 443 81639362
276 1422 411732532
985 764 -605418748
1726 1085 -451310860
528 1477 -277839952
637 20 -254726591
1649 449 -269772432
947 652 -251210409
1382 43 687276436
362 1699 361620312
888 1516 867383982
86 45 494641987
1318 1029 -631746701
1663 1007 610142128
396 1534 300894967
1026 424 322409087
1677 326 835843841
568 1272 -417924020
1222 907 -370083319
949 1268 -424604085
392 408 -688881430
276 493 -638596213
1581 64 538743247
156 1726 -308394029
1562 375 -551828505
952 1400 -67061502
360 1330 305231388
217 151 -238805189
725 1372 798837547
1275 574 249994776
31 965 716636615
303 1239 -719597576
618 1073 -646975266
215 1228 -670915202
819 1043 -242728244
1211 248 -640254344
279 607 881779905
1418 822 -946397928
337 1546 624001746
161 1074 -719744633
1253 1104 383983242
1005 1406 -197430641
1250 277 -969344301
1558 491 436495564
99 1310 -369768919
761 773 -87242783
1075 1051 606483057
971 722 -452747555
1018 1058 -682858641
690 1219 546066480
935 724 -190576279
397 1729 -581668347
1098 1232 -265805938
1124 1043 295754193
632 1141 -205381978
1183 155 678957038
233 1229 -118290259
1636 453 708107518
368 1470 -80654819
644 413 -685739724
248 1347 142847577
955 1743 121743703
1320 1093 -468648925
215 471 724694426
1346 1102 30858554
294 537 207115215
14 770 -386789934
783 659 130923008
528 1025 -186143885
1331 1669 286011132
1605 170 -172356574
857 1124 -177263760
90 697 -926141071
554 910 -388332804
314 510 872656601
1214 802 -512941772
522 815 367629289
1057 1597 -879147155
298 379 293981339
1009 1709 204156131
385 1567 397443700
1108 677 -316732233
80 767 479959985
145 1320 -478285585
679 1633 104285250
568 1100 -977709490
993 1620 -45312766
441 930 -216814838
546 1228 215891811
1676 490 172152365
981 874 -33772902
455 235 740963587
1052 314 -381894464
598 458 -870995980
1053 1136 998353464
271 1702 257012423
291 948 112096113
1124 1388 -823185400
62 187 582090891
1123 116 -858218900
400 1096 141896358
1244 1550 410080091
1018 855 769068539
1557 1451 -707279370
1670 757 592703560
1669 1027 541673930
1020 1317 -373310032
245 694 -784619040
399 754 -571400246
34 131 -439672313
158 530 814720891
1155 27 589223064
640 1044 -432898025
438 854 -771682392
694 777 94584377
338 699 -729812466
1684 1718 777417587
485 216 -429038231
673 614 434005240
1048 647 582439814
1537 804 -811582147
1375 212 -781833543
1016 851 412649212
1511 1289 -610028345
1711 236 279137802
920 573 -921498879
1156 510 -954925968
962 995 -709047349
1460 1667 -7048423
966 968 733161699
602 757 -346635879
766 385 -104544803
957 1401 869515020
444 1165 344612127
784 1129 613467151
155 302 -731216351
224 1457 -147764447
263 672 990512827
517 386 898996433
1384 1351 6286123
1151 206 872709585
1721 971 -687012291
757 181 916343559
643 623 249879110
71 1407 -458088031
1479 1561 -112973488
1714 37 -444589727
712 299 324480838
704 815 765199976
616 452 311572928
1494 1602 546039506
1383 1576 -342982435
1656 586 -137326439
1583 1228 575656706
928 1298 185938654
1401 1030 -27342793
430 997 14313486
915 1708 355981524
325 665 -711386029
120 1280 -194837598
1265 1027 -361211484
869 663 -557143567
1442 572 112821349
449 408 -481801714
79 1335 -996400631
1114 990 182491750
217 1419 -676340922
1103 586 -720663096
541 910 40038055
793 1029 -495241035
1495 547 679785754
307 1415 -562171991
694 1110 91873436
1665 1558 558265599
372 1636 86883603
375 1003 -780360581
1407 1220 843559556
1690 576 -485945711
188 1115 555604452
1095 161 -266589973
1536 1655 359043937
1257 215 -21454308
1639 908 -751067146
846 826 -967121015
460 1197 906040791
1409 1571 54356924
1601 1231 -549515406
1464 1174 108737283
167 1360 -614903481
1525 709 -431823730
419 498 -536861061
1606 7 -291226962
714 1645 747935000
931 744 -306553824
960 1203 -936495151
878 866 861710388
53 719 270554543
446 437 -386303609
1414 603 -829527165
4 381 -19078068
500 800 549802643
904 659 556900726
1523 1372 440044186
1303 556 -708893538
162 1515 668353150
218 647 -341332145
97 698 481689993
1206 1143 980979124
1742 810 -329410466
145 813 106125674
1001 1312 -979002425
608 469 -225750829
221 245 -655573847
1479 1548 -19538624
1733 1709 -284766175
1443 180 454784290
272 276 -746530302
1566 1481 561774640
1549 1476 -511563599
389 1620 418551497
1354 875 -79703797
1373 1482 456809452
302 1702 736864285
603 1434 508395700
1459 1420 464849874
337 1116 669731655
1607 1387 984751430
83 1206 680463743
1446 1008 370564983
127 1395 225527987
1365 1003 -773725316
422 628 922607717
1694 930 871427815
1464 1532 512779162
1035 1244 137768221
568 1580 -585251859
280 1441 -997613224
267 1522 382374120
1734 1222 -464310704
1184 1347 -867078163
508 965 280197417
705 1387 998513613
638 1334 62119593
526 1051 -184558489
100 340 -761059260
1094 907 -952148895
1456 1186 696956896
1458 1451 439727810
919 1438 -162061511
1386 875 -619974670
1502 1382 484539830
874 340 71778194
873 977 -401450127
54 1502 801719152
766 1601 -810318269
974 948 227287482
1016 656 -415731940
752 367 -754625104
262 1285 891071732
994 924 -108076449
1326 679 -526541659
876 1552 -138049215
65 678 980008601
588 730 699059603
415 1495 531882954
580 722 -383753124
1652 1737 366899508
416 742 786227629
630 1003 256605356
535 250 -686278013
1314 1575 90499356
1727 704 -132865114
733 768 642142184
716 1355 -522359152
453 23 -810927614
45 602 15377537
583 507 4407408
30 922 853118891
1589 1551 1239799
940 339 286708620
1214 1651 89550683
420 1631 894305818
1177 618 -227247780
865 1332 -676560240
1282 39 -651912408
1447 82 36377444
587 664 615596799
1464 693 -329986281
1336 535 -554996904
464 1474 -168363337
1587 941 -278162030
792 1361 -410934641
700 791 295269611
1375 1655 -179540670
1657 1189 -136305883
215 889 -43143073
1120 1475 716194635
784 1192 -491393251
1369 781 120320899
12 1244 -192057558
738 1084 885193361
1368 130 442573016
136 829 -652783710
1267 457 -758734632
237 367 602361098
991 581 -380424135
80 1699 -691712792
1579 736 672902533
277 359 -433459267
1255 369 990441606
214 1106 231313774
114 726 378707918
1373 861 -673070140
1676 381 -151268185
141 617 267553545
1540 1607 931482640
335 1687 876896547
604 1518 -280607938
318 48 128982903
813 1302 550672170
804 1515 -183903478
133 1627 647093929
1337 1253 -367270249
1622 1183 68273596
617 1323 774184798
1724 1115 614157471
1664 1449 545048543
1557 306 283052648
439 623 336776534
1424 1435 -173458897
1032 492 -439711207
1744 625 -576787032
1436 215 857886640
243 90 211526102
1175 706 -274603278
978 683 -998140404
641 600 660490590
244 410 -990423087
1364 848 -277978904
785 525 -635636128
1507 1556 -72953152
250 1554 641383794
619 1243 886082633
495 1485 988073221
1553 913 -203912627
440 144 577678633
442 785 -735670356
146 1028 -267063051
154 645 702892611
784 1429 -696820465
1102 1189 -915530112
166 1438 862860193
1599 311 285444378
1499 805 -15047804
1489 611 -970342760
438 1051 -806255691
69 1492 91370874
300 1636 -732414520
940 43 5440772
680 827 -358286711
945 182 -997055871
1019 347 649422087
899 198 -995639869
275 1696 -74355102
1135 1438 624802491
1161 129 -172770367
1330 197 -465214082
537 496 -592038065
770 1434 -543665401
1648 368 401925003
462 1311 609097021
465 583 -995102502
159 1481 -769289771
163 9 -827382155
971 1143 818693567
643 557 965024769
1365 140 -810709916
86 676 -244180846
442 1446 -602451071
841 1347 -182627981
319 62 -681532040
1723 526 -14693360
1728 684 -319251751
183 846 -309762833
334 69 998725588
176 712 -364129247
145 330 -204583031
310 415 568735109
970 857 223410654
1317 1697 -235115621
285 268 -165130432
563 245 436310353
1423 226 -781371178
271 408 186185102
874 741 264624094
873 915 -921251714
1428 1059 -544212687
376 1368 -69472909
1746 591 910929554
1068 162 853329300
1735 445 -840348665
718 1007 -561007322
226 683 -303749174
417 953 162136006
1453 80 -990733934
811 952 56334570
879 632 -731633712
1277 1008 834651303
344 1006 -488991233
266 327 -305012390
138 316 203959848
277 1033 -643606556
660 1258 137595035
1268 1674 -771687128
537 1380 -681215881
545 443 407734364
1467 1322 -868965637
1701 852 284101078
1557 1195 -564330376
257 1460 -190849349
864 1596 169428537
169 127 -648627147
480 786 791293948
1473 307 707820647
1672 843 287138050
205 1387 793870252
1434 1107 306765539
1548 1061 -718388776
923 872 648934396
1303 1128 319664609
264 245 147131164
1285 412 290985394
1592 891 -809780022
1409 618 -458914259
1154 543 505718689
532 747 93384888
352 434 -639581091
1493 235 575187038
1739 1157 -427659420
1432 713 862888298
838 976 -858182194
94 514 -386911051
1221 359 633095171
1387 21 -660568494
113 1174 -39589172
1428 1705 814817253
636 310 -689614853
951 56 -421851128
580 48 902209507
1080 1479 -281763326
960 570 835381025
1084 663 -576928904
1619 136 -167320260
1299 1522 -144499096
1595 1634 -800644766
687 1315 -848619218
526 204 -494552203
797 1154 -431678179
1301 1733 -378385923
1216 1065 -685741040
97 278 -34078920
1699 1361 723731599
323 1233 878675914
1050 784 620974001
50 632 491711603
224 1319 -3392592
357 97 229046302
798 893 -450552803
1294 447 -467002871
91 1662 752036676
365 12 -930545862
1208 1711 627067318
967 286 37965168
861 1335 935242858
530 1385 -341668108
87 1608 -832356901
957 218 -722006269
284 1015 299768933
763 562 811117581
1229 651 714249176
1012 1015 727400396
1073 477 685952265
747 1443 -987024120
1653 557 541150977
1597 1086 125978463
425 1172 -33186427
572 382 215037083
815 664 -623903204
203 1427 18314527
38 908 763304358
1535 173 -74674756
1297 1245 470298264
1023 245 121955019
1034 151 758971421
633 1 2321471
1616 426 -656283227
714 996 -220235268
29 64 539511651
358 266 172404728
1247 304 -788558909
1040 91 -591342585
102 1387 833507837
1385 663 -886940322
619 1696 -714721895
408 583 -714594025
1283 452 -228224818
1583 1166 912028823
518 1194 984160629
116 1550 -712060467
1140 1050 -365516883
1324 343 -261959445
1681 443 -673987756
1536 82 84350450
1634 699 26031053
137 1107 692205028
387 643 -791149159
1060 480 542782062
984 997 -90964222
970 1112 -316291220
1221 505 885115599
29 82 -723439409
673 16 -216631000
958 1550 -124160910
159 1438 675925879
1054 1574 -57399210
786 214 678185293
968 1273 -773603838
569 510 366998126
1362 1478 -360497160
213 952 216315029
113 980 308875785
354 1653 325842522
1038 864 100723077
57 1021 -253422871
1520 328 -451317221
597 1113 -207553995
316 334 -750358014
513 902 -167700453
1707 517 -475420685
519 729 614420824
1581 841 -263692810
978 1194 -371721033
389 485 616348398
1350 541 -215134064
256 314 159862631
735 910 -566456487
1427 1225 -185240577
1645 1737 846292421
625 1697 -562821715
1083 469 271125794
747 303 -766749452
1389 1280 600113135
192 1668 -844917443
1603 1271 -226002098
542 1526 132785049
1555 514 -825955210
187 194 575962416
898 91 564934089
764 715 507957935
1146 51 -955463206
510 797 -609014306
713 439 856180422
364 630 765963499
499 486 221058002
1175 1027 -31958939
418 835 555595449
570 1021 776167177
200 172 879398227
1566 935 -302411853
1136 334 -244683748
1175 843 667003365
1517 1555 -831043324
1391 172 -110544848
1187 670 444847188
507 98 -380001277
1352 515 574772385
964 1085 -257288310
769 1283 -61423942
663 1102 -991342092
1272 492 -609864473
186 1666 354134708
1641 1436 133905998
42 1080 329562532
819 520 -903813132
334 1026 -792223096
876 630 -202882308
504 1593 -961745980
1153 615 507148306
226 1277 -231265362
234 802 330970949
574 987 238394035
10 881 -118010410
1000 922 -882061965
415 1740 -287797131
499 328 885842095
680 1202 -393103228
1376 1705 -569037651
1410 1111 134206004
979 1336 -403974036
1650 1569 514010374
1066 396 -356524513
402 405 651424665
1171 1405 -293185411
1274 73 -300899594
150 570 73129305
51 1250 -551099990
580 879 -598815093
957 542 672695683
201 1520 202008396
721 1423 -2219045
297 743 450148883
859 1143 913246892
554 568 520980977
1171 95 602913671
36 245 -744768158
972 294 685712392
1364 873 -308526986
1715 83 310767725
1429 283 50744835
732 1003 -319861019
1603 1299 529921109
1123 410 -161514743
1048 964 487821011
629 388 595866408
283 423 874824317
506 1394 -789463170
231 1011 209900718
835 979 303878332
233 661 626675675
1150 1392 -225681290
1744 1248 -739182189
1334 625 -270351538
320 1671 832235331
1619 553 -724606994
1266 835 -241778109
1157 1340 -646148711
1340 1570 511181213
651 658 -368603432
43 890 387193036
1463 293 -19420983
393 290 -590664540
621 1623 123611252
1258 196 36653284
1111 67 669442535
1352 1332 -375107327
268 742 -841764458
576 335 955183532
150 985 -292790343
701 1026 725081641
166 742 -940455679
1022 1134 -609263323
1379 8 -751420182
614 1265 -528441000
1519 629 -452504766
1231 233 -927745074
30 500 -79337603
168 1075 303254471
129 1224 -570068130
747 178 604572924
507 343 -546146691
559 1364 752091732
900 996 760106006
1117 1609 207544591
1528 1381 926642821
260 865 -807206302
323 894 -235780887
1127 1062 994770355
519 1190 395628637
894 189 598190528
549 695 989649063
945 1252 550583259
729 405 -309671424
519 1521 -467503735
1574 1302 -886260390
1510 1561 103501146
1678 138 -873326454
599 1264 341492351
594 36 -296858906
67 929 -81170570
1462 1477 713638999
1453 675 147114121
1061 1403 609991474
1663 175 350850874
382 2 -158748679
481 1510 -371311952
1445 1441 -214584021
1555 293 -767902487
981 887 -728012880
1594 952 335016670
651 667 25759086
401 373 798067678
1402 1433 404034177
1061 1349 603764590
495 1730 604803507
1229 465 333793751
32 163 -16470983
718 1717 318228417
920 951 -667337692
1158 798 422459324
577 1448 -814190004
1473 101 -387636615
1296 1502 -747297248
776 816 797156671
430 1310 778221410
85 792 -690363422
1250 823 -505096682
362 1540 -539304822
1513 713 548504508
57 124 -538527596
1299 700 -881571707
1461 426 -766988825
250 1721 952335169
471 751 -113608248
294 1180 -613968203
100 1264 292506624
370 767 -765495719
802 1128 997440746
1205 894 -186586469
810 950 -45590244
1213 503 755446091
1317 217 -757718378
1520 466 -787015972
1478 936 71587485
506 1229 -578143414
843 1328 868594835
226 1697 -254404015
430 752 -963610948
428 210 59202452
1138 1019 -853301503
225 485 -278663492
12 55 -31073518
223 1574 501831801
409 1306 -427244780
1345 65 978853408
1713 907 498347775
1598 1132 440874900
503 1561 -698661900
535 242 -459567449
1460 1379 706662763
1588 1604 -738498859
472 1615 -676624025
1317 91 -874701560
883 500 619603706
1383 97 692683525
1364 64 -269430308
926 1661 -974231167
438 417 812785226
701 952 -910940380
1173 664 668005541
917 505 504032747
1145 976 352587327
1427 546 455950904
1537 1428 -972892494
1205 1063 -862355383
936 681 -790581177
1574 1606 -888975041
1597 297 -411940991
1433 997 676910023
1511 423 -563219544
1221 1339 14368803
788 737 -868988427
223 417 -244364754
1494 207 -609928377
1518 1411 607075922
1638 600 -614498445
75 428 -776303708
172 277 -437464964
685 1710 703355884
403 1474 -813408613
784 948 718904309
1670 1735 -438204210
38 211 38641801
698 1704 274740785
1038 1475 -110303550
695 1366 576192315
1032 1440 -935201924
1227 1610 -618717435
1718 548 -661568994
1459 950 -974696979
1622 1734 109904148
1377 1656 96267137
121 1694 336979313
1028 645 287991582
395 1682 -23588551
1172 630 -460116472
802 1661 -812173359
858 1142 -968734251
1191 1113 -341740141
1486 825 745718993
1509 700 730423607
732 330 626742506
1689 451 565687261
1110 1478 -697106882
488 125 -771568301
1341 1296 -50621074
66 351 -148763645
230 1208 -842299724
257 652 431305724
832 391 -624591414
610 153 176600245
374 883 553785013
49 825 -931241321
1415 188 760163042
1680 675 902738889
133 268 386182669
962 333 786686696
1705 562 169049049
97 818 914552289
1346 1649 -638372575
1674 512 -464422525
955 885 546306586
566 933 -509918101
626 601 -296117277
416 534 475700641
332 667 781947103
1542 1628 -837494366
1355 1586 -194797125
630 1682 741304577
555 1281 629070596
871 1209 -785780073
1339 417 227176175
943 982 -705318153
1370 1607 -17575799
239 276 593296357
1527 607 -644269987
1337 401 -780895906
1479 10 -965345046
436 639 960082869
210 1193 426693563
1632 317 -190104378
73 1655 286289288
1144 851 -590340422
1402 474 -751234831
513 712 -436230896
158 492 257410269
469 82 715871336
660 1560 725839000
690 249 -543637690
655 458 821993554
155 343 -815639840
862 415 -920960401
239 1558 52338459
597 1213 594338637
814 1725 -591077144
1306 136 -28208243
658 604 64892441
410 1263 -149269456
170 206 134508937
569 861 657532200
413 1015 -951129073
574 130 -477254953
643 368 -693669267
1562 963 694309831
1208 30 669106543
1565 1335 824017226
667 246 -485228107
1597 654 960474636
593 824 -804219590
1584 1391 180772084
1285 58 -657856779
1328 631 -510210559
38 1273 -89999968
305 1088 -987565428
38 549 -954141772
1496 366 574040106
1342 1032 854390473
45 882 -397219334
11 1475 545049683
182 1312 137559836
1213 849 202304677
1511 430 923644368
193 467 380618506
987 771 -374434449
998 809 252824137
1038 557 671317123
666 152 -147163735
539 197 862274002
1065 207 550360877
668 388 51605830
1661 1599 -976458941
965 1363 -484962509
898 1555 48840171
358 796 931279834
904 47 -143333690
251 1084 494106139
1711 3 667616551
709 542 891969437
589 1606 -872360567
196 527 -429593050
1114 442 -598955930
1135 1406 961694014
1584 557 742146223
754 914 -347599272
694 70 -295107899
1442 321 945478567
1000 284 948200235
710 992 -432552423
616 1580 -593998744
727 29 8910957
1225 1143 513736516
1575 531 122782609
1542 368 759693607
1317 1121 -194911986
140 68 -115468619
756 1509 250847844
708 763 575354527
663 1472 -289112304
1158 341 -480278650
1513 1067 -447783631
648 545 859978580
223 374 -533450956
1203 169 -113034750
993 1484 -829932631
1696 1624 -752864765
722 633 974835156
68 1340 -152726727
1444 256 -467933864
318 1413 -78816818
772 1179 -857736158
1254 79 -234284932
1132 301 192580926
1539 1503 384555434
568 750 83784811
716 699 -57330212
932 1421 666102463
910 1488 199561402
1649 1185 491246842
368 1502 108606357
1172 527 -542358796
1296 34 -452737662
219 1165 -108793724
1260 957 -387744373
723 1524 470103998
1669 493 -730160595
746 1424 895993226
454 587 599413305
1501 489 -44545829
1057 856 -324996484
279 281 277782693
679 1576 316008069
1156 48 -350341775
188 1307 745282204
723 283 489845255
260 204 -946585253
496 949 683125912
405 1402 -646186092
55 1157 -87247993
890 467 892006345
1479 745 -787239897
848 1423 -982722878
251 832 -928727529
818 1020 567327075
596 1742 889996369
151 255 -876934836
197 750 209203247
1667 1154 -185486917
229 1208 -861443927
1026 351 -327420942
932 83 525188395
1118 930 154025289
1133 1180 -893647923
1195 251 273375033
817 846 267349785
721 996 558380330
829 1192 -583693926
138 1112 737120241
849 1340 120236137
970 620 521107932
1558 1551 614739141
1143 921 -321087543
405 307 -970364052
497 1501 -683432159
1609 572 284990337
969 1292 -575251306
584 374 789257657
947 511 61643137
718 1359 -404280957
1696 583 304237380
1278 393 79204494
941 1535 -866619513
1534 193 -515957519
1560 689 -797537053
90 551 -144031041
1212 1520 -665443115
1583 357 -238708111
1399 1303 345377219
580 274 -98674042
1100 222 567694177
492 1499 -982939065
1435 694 774614627
1551 481 994380543
228 294 -217289242
404 383 412980305
1152 1594 152538972
1444 1430 559767088
362 1082 50970727
1537 1660 363270129
578 1013 616901432
200 1505 332972568
215 1192 -873777324
18 996 -324435786
13 1223 10633127
697 1626 447997257
184 1031 272646941
1190 727 -90669126
806 1089 -852693290
1724 878 -951782411
1168 1455 207782552
833 1654 -69761020
251 122 -705208633
361 140 434820199
951 152 -165632041
87 848 -304102409
1351 1031 875378056
716 475 -292633763
1510 1280 953154023
1639 1256 -41881366
1681 677 -376413974
989 1509 -482749623
55 13 -343827379
313 374 -185032614
1565 1324 -11984786
548 1410 958026860
1155 1014 137982633
1046 1729 680421504
1664 1493 145110560
1623 1384 -416979470
714 1318 357421542
1258 561 85215029
1709 615 99373560
536 927 526119811
1248 745 41017994
364 1292 -345298763
328 700 815166797
1321 1746 795061614
1042 1663 503716562
296 1539 88438352
805 505 -402555428
244 16 238517772
1191 1725 941896934
405 514 2373422
1737 15 854767437
900 378 333446933
1472 705 -865690496
1310 279 -867266796
1131 1320 -963915729
698 1615 797516725
1648 673 -624850798
424 916 -607432273
1505 360 -632977324
1454 764 -45313330
583 754 -29472907
457 1653 402559159
1621 1378 -791190272
1738 941 -472738565
108 326 -961664219
139 1023 887143326
1709 924 -343295399
290 1347 704441144
633 1105 -884432012
953 813 -10541308
41 1395 852233066
888 105 744909105
366 1725 322188047
549 1716 -600763312
1009 77 -228883358
1042 215 941544470
944 177 -1041474
1517 466 -459196619
1259 1098 805596806
1360 304 -264764262
478 344 -667906404
349 1231 -549062181
126 1596 -574784661
1281 398 -610764341
1629 1406 -524268016
556 701 -279211417
505 1644 -78077817
1377 1415 454281982
103 927 -289564287
1680 540 57406045
576 1017 449879651
865 1365 -141616378
1259 1490 -314522884
1630 1023 139969860
224 906 -250876708
639 1461 551273189
1269 219 433562879
328 1595 52696961
1597 1698 -886883419
471 1630 -269610276
1394 459 893975083
914 1323 456105723
1664 835 161690751
516 719 -667081787
1511 942 369024797
419 1580 41127143
27 1102 290769723
1279 1429 116911063
452 1279 60354541
551 3 -73303034
1188 1397 451174072
1096 564 -34120542
621 480 921750940
1635 995 -255996142
180 760 821873870
1375 1178 631092959
538 1204 -107550289
1665 736 -472133698
894 1187 991624718
73 1737 994160671
882 1178 592880205
403 527 -762337028
1246 1147 -213107408
1178 1035 926046180
82 1214 -204906401
1672 842 -856841863
1350 1379 521512985
383 1296 -636278981
844 443 722479202
837 515 710904114
832 1397 59385478
476 53 661898376
684 1298 -25451466
1371 730 -840973301
1306 810 548251087
254 736 -488753506
379 339 -910859937
1707 721 572701517
279 1564 -921158080
37 654 -332084186
1530 1484 -733379838
709 214 -673870961
414 896 812321899
1265 520 -353050315
1404 79 574016251
1009 332 -584604530
1456 711 -197819701
1533 671 626820448
1160 949 417182220
1229 985 -835109667
66 768 864105455
299 1477 -892292206
584 144 133360319
420 1407 727955623
985 1064 817539884
613 326 -802793298
975 35 10114212
1676 1567 777775400
1350 981 -136088716
841 463 991001067
985 528 -130051137
867 826 -439859851
961 1409 -276526698
204 82 -665503147
1712 1066 552237502
1553 1678 924946335
1725 906 963869846
861 835 758148098
667 438 -119517393
1421 1278 409715290
1414 516 -986238036
427 1382 -40757212
916 595 -427713200
1548 798 -334784100
94 764 884979771
1449 570 805594665
1383 548 -157543948
1352 1409 797744228
1140 329 -701720355
163 3 761244519
1394 1416 -648470814
1406 96 933239099
497 1011 -385917948
997 811 527418365
1578 904 -598796340
1477 605 52977821
1307 242 679947549
297 1592 292227056
120 986 667591741
381 1148 669952887
172 795 290311563
479 453 398616629
421 950 -444991764
957 200 482959682
544 30 -483032176
895 1506 209270159
68 1067 484813024
1535 1363 307466264
917 1482 -564622022
626 116 749030770
338 287 -341860069
1465 766 176467423
940 1186 -736743963
1424 396 -509207429
973 939 -475707076
1424 87 -751263132
734 154 469719068
284 1687 29695575
1426 857 -273589382
60 1482 -141856161
1587 74 186139757
415 1538 -938072440
1442 730 418746346
1672 408 870678165
354 1380 -54858615
812 1057 43339662
1029 44 218250820
566 327 149822407
1465 6 -869718522
353 64 827219774
1103 1650 910590184
392 318 670704270
446 13 -493821338
1685 1684 -27978406
1572 292 -448807252
651 1103 760659948
1562 385 809693355
879 951 -816894010
137 669 -811635881
251 1021 -739154281
100 377 -850418441
22 768 -487288429
1481 1213 -473296821
176 1151 -545187582
1025 976 -212168139
1506 1626 -949945569
1297 1441 -509783004
1131 573 578038624
1291 709 -656785108
1455 959 512156413
1683 1058 943007030
68 1079 -178093502
515 813 -789217624
975 988 528381011
1372 266 -354619431
314 25 -493077567
358 1322 -843653733
786 706 -188097111
417 250 623414707
717 1704 -278836802
291 1640 932368136
241 1707 167619706
959 475 -902377820
1143 1449 228554215
731 1074 532437409
1294 1387 560464504
1737 1744 73295453
127 783 880623608
836 1199 -834445039
507 169 -883546372
1137 459 994165327
1078 699 948271619
351 1657 -508515928
437 1052 -849494134
1509 36 380149416
1101 1330 -31753413
717 1320 -35148195
1654 1446 860182067
1550 535 232275998
1695 1042 424348489
50 432 948555952
45 1509 -252094581
1746 113 -355696616
429 549 848532223
560 311 888972947
19 1411 411006124
865 381 -78445812
1707 288 -423036597
1585 91 189136658
915 39 -618511339
412 88 -124817392
367 132 -397413365
1020 131 -268679551
1583 559 359006229
1450 1119 714198192
1353 1137 329333745
839 254 764877394
1644 214 -905875409
401 52 -802301056
1439 966 -758844585
27 1377 -659052371
791 1743 -508759086
1317 1016 -359693112
209 851 279629622
1395 554 -440285017
1146 161 860712385
560 999 -849131585
355 896 -604965123
437 1296 -546606162
610 989 558221295
821 1014 133865737
1118 58 128883118
1547 1373 -708821144
360 1581 265056333
1477 1230 899047772
220 629 -917873879
98 1188 225297502
230 1542 -749883894
575 233 733545332
971 842 -135278161
585 1661 -974865713
1575 1032 -910034716
814 832 661801464
1068 1191 471963276
427 922 -120543051
339 1140 598480675
410 1237 -41631800
1480 1466 -276003083
1698 294 -10508583
1466 1263 952550643
475 101 854330010
497 1675 35777145
575 742 988132963
280 64 351704349
1565 490 -593879073
587 827 711097678
236 1237 127346988
1073 970 -194262727
1705 921 141303408
823 640 -412560766
781 1114 -297633957
654 1609 -380050428
1558 438 469072940
1548 716 540915003
982 534 -899467906
1337 1120 46971983
1084 1355 -537639206
323 681 571996025
1026 639 -374006215
276 1461 357899405
789 495 -367565275
1402 1148 -525265970
198 960 -25237395
1480 761 794321915
1079 1742 -594624765
1167 1331 687379516
335 669 238815432
739 990 -981948818
365 269 -250916317
912 545 -578595650
351 1333 -12436173
903 988 -698107878
1318 1185 400166382
422 918 -729480430
243 250 -735343965
597 1416 788696703
324 4 -446260747
1405 742 687130671
1421 1106 994608231
329 270 -382524659
697 620 -856828766
1559 1523 274061952
77 1093 -369902933
1299 1515 680349518
1535 11 965734308
20 606 586783531
1582 929 590469172
319 588 -560847979
46 262 704828102
41 590 -986508795
580 1286 -276959270
705 1098 -534088597
72 1174 716837252
622 726 450580882
343 514 461464208
313 533 -845137537
1698 368 218155164
1340 686 890157745
1724 731 -811078615
1466 772 -136470231
1478 1351 -664612756
363 309 592057636
770 380 -64566929
523 1001 765679926
43 1342 -646682225
1319 1654 -36997350
1454 1605 383431255
772 1199 -831657157
676 1176 4868084
841 895 887615210
1594 626 434059560
141 988 787372371
1531 11 -778384409
602 533 366886287
397 575 -96466021
706 147 -202707027
1546 1600 -365053198
1008 624 -993035365
1155 1299 352498494
286 393 -623623518
188 240 92089801
1440 380 -777320817
1255 165 -765943972
1448 765 -156942410
895 1162 500264748
1684 120 667141713
634 1666 498550948
1188 927 -787352384
1194 335 699589461
629 620 -851702129
958 807 -577697388
165 500 -143009073
360 8 44420452
564 1455 920024258
1300 603 249482271
864 540 386112265
573 1173 292916891
135 615 -646672597
321 62 -264313357
59 690 444862695
188 1647 -631529230
557 65 -59429572
1305 424 -51465960
471 987 -386022804
401 540 303786181
1492 1402 921494976
956 229 264396553
339 363 967437712
647 683 -962416912
1289 740 -172668824
805 928 -286941544
1126 1483 -213145270
201 1041 271399180
1029 1511 -599252163
1565 165 17958288
958 1656 -376704717
889 864 -116099467
247 1202 298324987
219 102 -920783738
251 1390 -73836181
974 448 987465526
1596 1573 685423998
537 27 -122969839
1647 1056 -393295534
251 874 -205528828
1139 85 -310187452
1684 973 678840862
709 1219 54473004
97 1436 170036377
166 1687 -238782375
974 913 272879439
963 762 73492589
689 1298 103627505
1454 1198 -688181776
238 1448 312041941
932 841 408084839
1534 777 -478558108
1254 1485 916509653
428 1581 560725834
1450 1746 491673525
368 973 -463316101
1479 190 408815411
670 878 -105077208
1634 585 -733594780
160 822 924010532
1306 7 -114302981
789 1540 774759961
1244 1046 475099890
1171 1473 285041793
788 1176 283801935
344 1543 -602455870
812 1275 -386266093
296 199 617795261
1078 86 -713241645
1310 245 227327654
1244 1549 233974329
271 591 -3489071
74 88 -806221689
1362 1258 880249484
738 299 225960824
113 642 -7870045
460 1453 -548363683
996 2 -322027503
662 1079 -225233997
912 642 53835055
238 139 -172778402
1315 409 503010469
439 482 602643559
608 97 42630522
504 834 383697191
1574 946 -882482908
694 1405 780774121
1088 653 782283690
1680 1314 16968591
610 480 751234043
1530 716 909090577
507 284 -623764787
73 722 -72572089
1472 1329 37768560
636 86 992298956
98 1659 74821031
201 606 -317121083
9 1693 430206518
1565 1626 -65400901
707 489 482815011
490 273 -697818089
410 779 -373325871
739 850 452802591
1549 575 -25654389
709 1210 71552671
702 1307 -29615404
1640 1507 662971339
490 1515 600949218
1739 1333 462290730
809 293 -978238124
357 782 -666802288
621 1192 223819833
1168 184 -803361289
690 1731 -145702096
1541 693 -760572068
731 1394 735725989
1578 1287 460709164
1283 30 195151580
935 22 -278663074
466 830 56233793
485 1186 951076224
776 60 314954795
98 1227 524104720
270 170 505953908
1015 1711 -701729078
1224 694 893354714
994 525 366026317
523 61 399164647
1566 995 422976222
450 1460 -627939860
1372 198 729231411
1329 972 796671946
731 1069 201055873
316 1338 395185784
1631 606 353407287
145 83 -852726944
52 1076 -252832316
1244 1598 -183937491
720 1417 954906750
216 120 625991137
541 1491 851077547
305 1074 -36636311
127 58 -813330601
1176 373 717633386
648 256 -589446443
83 400 -495142159
212 451 736272226
864 1695 565505879
1576 667 187710378
1537 883 324222651
1210 1423 31276490
1080 1726 -740051882
175 106 -674807669
338 1281 -248886150
92 181 43666581
450 263 501121448
891 474 -983166837
661 1337 956828045
282 1166 -279729260
1318 956 730137470
728 420 358488375
1629 1499 334554869
110 1674 455008894
394 265 -79093672
1049 356 127432948
214 806 427996047
1525 1696 969868679
1540 610 500218527
1502 890 -164891900
385 462 929444147
149 1189 -590782194
1335 1071 -874493376
754 1180 -958325711
278 1572 -655609801
1082 874 -248712258
321 1088 672920474
1567 866 614146235
1541 658 -688762750
1105 413 329699399
88 797 857243061
26 945 218090887
383 533 -556480632
493 1287 793476618
529 1564 593154972
830 899 -406331724
1486 1219 838683113
1200 1039 -170679069
863 833 582414892
1135 191 -945206958
550 277 -33273880
425 302 -951648406
1489 685 -341842157
130 1177 -869300267
1696 1705 920986160
1340 788 -50076548
113 527 -655055446
1718 1726 534045516
696 842 -512904983
331 230 -295688417
379 779 20803313
1223 1204 366014355
1265 945 -850837485
94 1074 495754415
208 1023 447464346
139 616 -651317493
968 728 -49303363
1269 699 -73572787
863 1394 890020466
1288 1724 -847286350
157 356 44206161
1048 1578 -578258936
494 1097 503409243
625 1189 -267269931
184 1396 903180157
1448 1534 -392085519
6 756 440601316
836 278 -760076226
1645 1140 835202786
1549 681 808853246
1683 836 -784331808
848 137 -977626257
1216 631 277321494
783 1254 -361330712
1422 1438 -762883145
1338 1139 993650358
123 1144 -141806753
1380 234 175690074
1590 132 -519813641
1446 1680 258777115
1279 1616 -784226073
1467 717 -628019895
1487 186 93410005
856 968 -470773856
1413 644 -824817066
1620 234 478744722
1615 356 -211405983
618 1735 55427451
1645 1578 205672239
318 1277 129348846
1417 809 -20829077
1605 529 799344628
184 269 -988388973
1138 1124 119379363
1600 790 855379706
7 664 -877207789
1298 532 -470468639
241 1149 -483801530
1162 1046 -677282688
469 1363 784290674
1454 1033 -290228197
563 891 314828886
388 1073 621835670
398 465 -91886353
1375 318 812332104
1249 324 -428392102
1356 1621 179591385
73 115 -505524188
523 1276 691951253
805 1744 252204067
617 1451 -565988630
1236 267 453147085
638 654 -318408680
308 1052 212754077
1101 680 575861503
937 182 946096528
1436 1538 802203874
720 1609 932777559
1152 386 393245032
883 1190 389278533
230 60 50226909
609 1295 355261083
131 186 -896274319
726 493 307231730
39 1593 -914841406
1415 783 -707114023
1368 472 -946793909
1195 1191 895650296
1136 596 -663582937
607 1477 698223702
73 1706 765360889
990 568 247600426
427 698 459771200
518 1423 -976291120
1659 1461 847527111
1734 1129 -256442001
243 750 283409439
290 198 -353327180
199 1333 327823948
492 193 18814080
229 265 -28152716
24 1254 620934924
1113 1681 -580775910
642 452 -951693901
662 364 720935028
529 351 12972382
1178 593 870514688
553 882 -904234180
1117 1079 621503338
530 1571 840972272
1420 52 -856548841
522 75 579166904
191 1188 503380593
557 82 -980182093
599 743 -564289427
356 1271 -163782813
1240 703 514223725
1127 1254 -477063722
1211 625 758005141
880 1154 555847377
741 827 614686688
867 1348 699883962
499 1538 59039626
66 349 151924881
83 947 -997751394
463 1302 457537911
1193 795 -738649204
769 175 697096698
1226 1385 -588551561
1015 519 732229964
627 1259 -321744643
291 379 -778628104
29 877 982514509
953 942 -619092715
213 1024 464856319
215 1487 -44703356
1487 933 865200638
1715 1701 -934917010
1451 1180 650709520
64 448 -756416435
1576 1074 684677397
422 1363 -882557825
616 1391 121044802
600 597 -801134128
933 809 370723290
466 1022 72327630
1300 763 -860103920
1182 731 -912347637
1239 435 438532758
934 498 950542403
1147 327 179528676
871 748 -259821735
974 1363 -667624870
206 216 15158899
380 1148 940454455
1577 1613 110510401
767 1166 982864651
889 601 -181132000
966 93 315617145
475 1025 884560528
432 425 -742071891
1462 1295 113975247
362 522 -325926161
652 728 -79261610
1538 1107 -765123814
1486 936 -918656452
710 1702 415437118
695 844 -897642465
1410 63 -792812212
812 537 380637397
712 968 866289928
937 683 348822778
163 1044 945678122
752 1696 -222099238
1556 1487 -955643434
15 1226 115768828
86 189 64465174
1321 883 -969658313
1411 546 -898949271
1592 1358 -284874942
1051 322 823107075
934 1258 -395474540
366 1421 799558472
318 425 740581245
997 234 442752676
1036 248 -153472778
264 332 62415279
1193 1653 -926718499
1220 1316 -302006112
1308 1161 -747830415
186 465 -379630882
32 1398 -939479403
560 16 686599270
385 334 -827321025
158 1330 -560501900
1418 619 -278067168
411 882 101326717
1338 329 -6883123
1402 1547 -500339156
266 1108 828146405
486 1294 -640789042
1027 1325 959144433
1080 138 976769604
807 521 -642235403
957 679 880030170
1341 349 -412077109
225 759 597211587
1187 351 972361433
308 6 743714115
744 270 12320363
594 755 -506694766
907 36 -990224197
872 1115 -833742470
852 174 -237691114
1164 1131 538511117
1059 725 937616900
1572 949 -193846545
1221 389 206536059
1197 695 212046216
973 1438 520677813
111 285 -615399568
541 1192 -575816808
550 316 699946689
695 1167 898490193
1360 584 192492678
958 1642 -978547755
903 1467 107301723
1607 941 551367832
914 391 -653232552
226 1363 993161411
1554 1472 -681303869
144 267 682582561
514 815 -956034864
252 1509 379613460
163 1123 -952707870
1204 333 927031313
1223 1236 606753905
444 1095 -316328511
52 263 130145500
355 488 -310109947
349 295 -624774490
627 438 -320542893
350 950 612360643
388 1201 340193651
1593 1364 -374734984
1634 821 6085853
1570 297 -579726935
1227 740 673980104
78 791 973743031
1065 1145 -468391938
1667 1493 -131746991
248 373 368278305
842 722 -544132857
503 1110 830966209
1673 956 392065697
473 843 -668341714
1351 666 -328803782
1718 146 517981216
1434 223 -576618886
1411 1287 734163357
129 1207 443489358
887 1454 870055247
335 549 -303556416
733 1051 966619504
586 977 60196470
55 1449 -975533390
344 1053 -213538763
930 1025 -47065744
510 711 207557154
879 375 -319524566
647 503 -938420854
161 1388 726093802
48 1723 -646523494
656 709 556087902
627 1294 -325878359
1552 1348 -667157263
1574 1691 538337044
514 875 -289122373
1346 1383 524444591
654 516 952780965
1248 1162 -472505187
1302 1322 -883160858
1063 1369 -910907741
1372 278 -99878695
984 904 -619107509
1573 709 923471514
117 536 859516660
1460 1049 -139775854
335 648 -556424812
1666 1301 32950900
1624 803 -637485362
339 358 875755759
441 1420 442729511
519 1045 759879478
1304 282 -206174839
1637 107 604763030
1570 224 -782840302
1448 1683 417476398
452 271 -841352612
840 189 648229818
1742 66 -433300874
312 404 -24365546
204 844 -398870396
1463 1362 796661085
1253 919 -881683203
200 809 -759781619
1601 632 -504791426
45 333 -578375580
1282 784 -269656456
1421 1623 -54189462
1114 1618 20806365
1609 183 482825840
714 385 -551291895
1239 101 -992454583
1062 1354 59459081
1165 1553 985341589
1375 1407 -291335547
61 1451 88944334
429 987 986405377
1067 661 844622770
146 27 696547413
1037 1635 904693943
586 602 -655181880
978 94 -540350544
984 1155 -990932574
163 573 786897193
150 200 397901787
769 260 59240905
1720 688 -811609053
1708 7 -56000702
1572 153 -25704223
1307 1189 -154020490
1224 28 534684948
1525 1005 641541696
180 242 -36789159
188 404 618009175
2 553 846155082
1223 1321 -857142864
401 1294 -70260244
566 1254 -62853517
1390 1080 110887856
494 640 -528229759
1233 117 -497380524
827 1641 652143665
514 74 927888226
1355 261 -610687760
1021 262 21757295
887 1484 -466112153
1012 138 -985351773
77 703 450443811
895 346 -314102629
119 839 417556316
531 325 550114591
970 1151 428390315
666 1663 512032942
603 1271 810109899
943 545 -890481622
89 1431 808160167
555 696 965276170
568 772 -230742666
88 1666 164102955
687 39 -875891189
178 569 -504745590
1532 1537 812224699
1033 457 716561375
607 1059 171475279
441 255 794975586
537 343 433217378
369 897 -770942210
339 1464 112236577
1010 1551 19900223
281 491 62936583
389 669 713115897
821 453 473057642
657 1485 994905481
410 345 206547638
1433 785 497296358
1254 1320 888908932
759 1688 -84726790
959 280 -408962584
184 1289 -633354637
1074 1569 -72005579
256 211 692640905
6 1031 -789300593
1292 1688 910560242
1287 350 -695743647
594 36 201897636
156 1289 -286997529
59 301 -354268978
858 1258 -34640539
1374 1441 -558854882
1694 768 -762809048
758 1023 -522394228
490 1028 657643988
673 573 589530299
595 113 989826079
861 706 -969993391
164 861 505047472
787 919 848166049
1350 29 288420127
447 1402 -61953714
832 1349 816944746
1039 360 -11947907
1456 848 -835515779
1157 1521 -180701224
799 369 -52598764
790 1229 755339238
816 1392 -259590856
384 432 791519882
252 36 823944663
1377 482 428720902
450 1313 -27506039
290 606 383258260
1152 315 -646345295
1296 1471 -905617301
265 524 -483997512
1092 1313 922770423
879 382 516584140
1525 766 -989553890
1343 1016 -949912645
1189 646 -399132666
691 1095 -896068837
1540 1383 -203530203
1001 789 156089005
1310 337 -159567223
1392 602 439031409
97 1693 -58289017
29 824 378478105
1353 602 -745619751
1362 198 417583463
1406 1387 -843492125
185 330 409199770
275 123 -7396107
971 1123 894772335
234 686 -719810681
968 331 -31846382
478 427 -93933531
1300 455 849267108
758 61 -461835320
980 1423 -235720933
471 1082 -648445071
608 1266 -271286829
92 1540 -131752247
959 764 -846583066
867 997 -62124580
1111 218 316005907
210 695 803810887
1001 248 -675939219
870 1004 -606660271
1340 237 -977906160
261 707 260410471
568 1314 -290843045
1204 1405 -527735548
216 616 346202760
350 1482 -512939113
1169 846 -264728395
572 1056 529866325
400 310 812556032
683 1179 -38181171
1027 772 232034965
1046 1032 -959212095
400 1599 544585522
1019 1056 152627588
1432 1271 857517996
861 1620 554029079
1286 1041 -477649841
182 1612 730634851
1517 265 -915050377
1354 947 434561584
448 227 -682364586
1523 1272 498450176
1559 1671 328560801
1161 943 -463319540
421 628 991056902
297 1488 845107063
1654 1027 36706362
364 1208 -118139294
128 978 184380981
203 585 -731672030
1455 1031 -472958602
1732 807 982615106
1294 619 895459567
708 33 -25268268
1177 454 692696053
1169 750 395555291
1034 656 -429629668
193 1019 952412780
963 1146 71548960
251 1348 740334904
485 1056 -79410559
945 1041 844347536
930 589 -447602906
839 1296 -410676363
1690 726 107754754
1421 148 965208442
894 1181 -284286219
1392 1373 881620927
1350 588 193564732
539 838 -263505180
313 1322 944972774
1116 520 136634009
981 1449 809928701
1463 540 293417650
231 483 -876218682
1198 157 -707923396
1168 1050 643410572
47 694 214489585
1689 297 887174347
985 836 -154154159
1628 1147 -641167967
1580 517 -46825676
827 1496 -388512182
661 1212 229232081
44 1442 781138847
152 893 959904166
407 314 161083330
96 360 955046671
1156 303 -705793032
1057 1287 250113182
50 1168 -436899783
363 1002 153757513
1195 81 -133567392
1729 741 -746477408
1056 784 904351104
865 935 -73327101
830 1340 285696417
98 1435 697135440
58 844 -957389106
315 154 515687512
1407 203 -147139886
152 565 999101472
1159 13 -908954405
170 1741 -61378813
391 1050 835245895
308 168 -95298961
1117 997 -560936777
493 1094 -918256983
229 1151 47230009
266 1465 222698544
1589 1125 453994462
588 1276 -900050202
587 688 -886261127
666 857 -893150496
1486 1247 308513774
1342 1554 499870531
386 923 -359176060
769 1415 892457330
840 1643 209817375
9 162 -112888957
1076 4 -825548488
599 590 634939002
687 1176 -577668974
786 95 403060188
879 1580 -169350916
275 1175 -390551184
1585 1560 666132284
398 582 286395904
304 1421 167375117
1361 1428 351680816
389 757 355000516
541 1356 -969805672
223 295 376363723
591 1080 484554297
70 212 293387236
795 487 -361891564
1327 324 -576581067
1036 722 88381951
413 1025 -285259492
1432 639 -650275389
866 1027 216032804
303 1567 -232340447
329 42 104554651
1531 633 -659543025
1081 702 -417783975
464 1496 138345576
1021 1077 508716160
1391 366 -665848286
595 777 507109568
1219 463 -762592902
1524 1328 412155345
840 1630 205805821
1510 212 253297529
728 1742 976961494
1025 1076 -220142098
1534 1539 -507364162
782 813 724744115
353 457 -857684979
644 1051 31744456
214 523 560407539
421 300 79985085
1654 1139 -54522389
961 901 187079443
309 1629 181154306
289 907 -587743503
970 694 -826226749
1400 1474 103813005
1159 80 625794692
1284 723 -171899737
438 936 425470225
55 1357 767629188
997 1264 70609957
77 478 -897927914
1113 785 966570223
398 1073 4561346
758 296 798261479
910 1695 486016197
128 1107 576541662
1547 644 -596010415
524 1081 475469534
22 1134 28388606
1565 385 -525097851
754 461 20815981
843 1573 919427635
814 224 147698601
1691 981 485486783
1515 144 425428018
1066 271 -307733580
696 70 428317011
1049 593 -334675754
591 614 963695664
1489 433 -596583648
158 1186 -70036081
1049 282 -269582193
978 1095 -14067675
234 1039 -891236034
1531 806 -727314016
1030 125 -418488618
1634 821 -338965147
1135 123 339356659
1716 713 -958052974
1684 455 -463564858
290 611 893430962
1102 1659 -784993426
1740 890 467732199
854 1124 -343830816
949 908 578579008
1187 190 720977868
1695 77 -340092574
526 1211 -200642737
1695 1180 614796915
1732 1116 -865385010
454 1406 -166286367
361 760 -267091174
549 753 751628204
84 1606 37570367
657 809 -923777899
289 249 -706988579
46 197 -619795251
622 722 766119095
1320 670 116078704
983 655 -606220759
1101 1109 -997362943
83 1469 -127383928
722 271 734134091
506 354 573123440
1411 1010 -501651915
1478 1298 -217505992
1734 1343 7072589
320 218 833118684
116 1536 -400011049
1090 773 349630416
1434 126 -381521779
1436 208 -700036673
452 929 -390907693
220 1434 13597359
1593 1098 -830352330
282 829 655822245
965 816 193098952
98 1135 441385218
1699 1249 200038305
476 592 -916144872
1655 279 -772549323
449 1714 -535461418
710 418 528027671
1242 637 169546146
381 483 -573335625
529 764 375604456
229 1728 -690622187
1270 79 608189193
783 31 38157690
84 506 715362010
157 414 -966418609
356 862 995452892
762 1571 -526407416
349 1066 202134557
1370 1446 754202254
1743 228 -371856241
1198 456 -393546920
1468 1725 -303797197
1126 761 -269488384
286 844 309368467
38 1000 782403775
67 1355 -231904242
63 370 -433592257
477 718 786432035
1526 342 441765995
1311 338 702057293
114 1535 -776871828
643 1256 -801922415
1251 634 68290750
143 920 -966194027
1286 956 178478381
1096 1022 -270241348
20 1085 152185365
515 1560 973786193
328 1339 -635892717
1587 903 -250186994
1327 1016 -493492179
1522 1658 943569540
1695 1162 -330812643
881 1304 721518958
911 843 -184073642
194 192 985990945
831 211 227165610
91 725 13042938
68 1053 -454242515
386 893 579511506
1040 473 -257551241
1482 247 -358977677
1433 195 971435001
271 1075 464198408
28 239 -571318987
740 432 -352713411
728 1262 -111889106
54 1351 717561669
938 1418 -77929049
1414 56 943404734
1047 1096 -516379690
1695 831 -234154149
509 517 -11841058
484 787 -781149667
16 814 -508274003
391 1554 -14735685
956 535 -570776062
1731 588 975790229
1484 1524 598749384
543 1192 662208683
494 492 -84018867
916 441 866574552
1585 949 -542441515
701 1432 358120282
892 1447 -710221093
1322 91 -931539287
436 1045 -319843353
811 1029 352032318
789 767 97130665
439 1309 -538790827
144 56 23779346
944 971 527289943
827 809 -387236712
1227 1510 -748365621
667 655 908101624
920 230 -989153964
979 665 207154203
1573 1474 -614862981
1007 517 262356152
219 955 -239117446
622 1098 -175879044
1516 295 935691670
1103 1122 -138559455
1638 602 -410473477
112 1267 338799936
31 440 600986783
41 1418 -638648624
1095 1244 -950882348
1431 505 -359924157
787 723 732975329
1451 1344 -9975205
425 1112 327205372
368 468 -388908385
1120 359 299242003
1635 470 -250223177
1058 500 252474979
710 540 -124202817
1025 1633 -700099917
1068 1317 -123184004
1627 357 703675588
1394 61 241688031
512 485 -485367329
1671 852 49799451
458 226 459951658
1592 114 996723672
501 1171 -431782884
1594 133 185278025
613 1157 55060604
875 478 -437298129
1640 358 -29442023
1381 5 39511476
719 516 593683324
1169 439 -431234809
339 896 -173802380
1614 741 -44492864
1611 1241 -704506328
361 1088 -552855987
1396 1700 771809533
571 828 -681392115
1062 721 -272385089
163 355 -268194061
1071 1074 321205763
716 495 823019756
1213 833 -151660468
188 700 696407092
1022 564 116999261
1280 924 -637408982
1670 572 -691020455
1471 1142 256064923
3 457 -919336850
638 619 -513550188
1277 1689 715112941
685 658 -718714794
530 123 234766060
1271 310 -964492840
1006 1331 -319767822
235 864 737158229
551 787 -608436661
821 511 698508110
172 513 -779305586
242 1151 -71319773
667 681 -138022975
418 1365 614268130
664 148 754318734
1742 1418 -891673542
27 676 631798434
620 910 -379771662
391 1461 520760178
733 535 -894796511
470 706 -307833844
662 947 -990736911
1473 1613 -211699772
480 284 -649516666
143 946 -481167834
1674 941 -858313748
23 967 -84547314
1447 1586 957130728
243 230 629311396
1571 962 -759025766
1662 1430 48184163
521 346 -868395665
529 72 977684560
1217 550 -698462222
1523 692 384449195
230 619 -538815127
353 641 567251970
1153 342 382882664
1115 584 645235185
792 407 -254127131
1002 322 -616696173
171 842 -221777527
286 1370 -140690967
266 840 488540531
530 616 -719814902
1738 844 -11438533
395 1197 721996095
17 603 -887712581
1224 1717 -220336227
915 762 244885336
1566 17 613155597
155 187 -423359287
834 472 -855396230
1584 737 105344996
1138 1266 809347728
1382 1257 -224555872
499 1651 -854679550
256 1667 -165570622
355 1145 -200098359
1035 313 671048633
376 131 688844591
38 285 901473675
542 1118 -559459778
668 955 283728790
1633 345 -267422843
1466 1727 -828465483
397 479 -938214256
524 734 970582808
1253 1088 280808373
205 376 637697623
1664 751 787123429
1392 788 -887610385
1306 1329 391718654
1691 250 -515580420
1065 136 -120967076
1705 1601 -144256218
109 251 403113621
163 775 -756861463
137 280 488105950
1255 484 917679632
939 401 -223255082
753 46 678457405
851 1351 199457807
320 1295 484349893
743 614 638478657
1510 572 471191830
511 679 757933537
1736 841 -355975771
203 977 -36106720
1502 485 517442332
1430 1423 975720019
362 429 -972429069
81 1279 574468742
1128 1598 56953674
678 594 758754518
363 358 -587551572
1647 868 189569922
1436 858 -848095255
252 1059 270035702
1093 814 824771168
672 497 453808767
651 858 944271926
675 938 408550262
303 320 238362427
1226 997 918128003
1016 1359 -673120088
1376 1259 320361934
668 947 -698312309
801 1198 513995718
164 545 -554608031
11 1216 13556071
1280 120 995232943
1231 794 68879989
715 1096 433955017
50 575 -425192081
1724 1590 -870082647
264 1219 570475148
1416 140 -345585156
1680 940 -974239336
1255 1102 -351594109
1644 1112 -960207144
783 644 -824358423
779 128 83522987
1712 842 -662094172
1218 891 -4256228
1720 868 -184208660
87 1131 -789503043
1458 800 -630569453
284 733 444496854
306 242 -294268418
872 139 977905894
907 921 -285171438
1060 1699 -139228491
260 1664 824284996
555 1135 -156268546
1424 1108 837238881
391 1194 131687190
574 905 -952561684
897 1188 -113820053
412 1493 161907802
1028 618 320013852
1009 1524 -625945835
1633 837 -680738316
638 1096 -775483602
485 1650 523773324
1221 1327 -208159617
1079 1717 -841365076
321 544 194632098
363 1440 -445753250
1136 105 -736760461
405 1132 -29983642
1557 393 -285629938
138 279 671942228
416 916 -73744155
612 1400 -184783264
196 874 -665431325
888 207 -699896998
1026 527 -77683329
323 888 -429359770
807 278 -310429466
1037 681 984839163
138 491 -565647987
761 628 -247062356
475 1043 801367563
1284 1654 403926768
249 104 -595653289
541 991 -360133726
803 270 242172645
1608 592 -741295858
361 1398 -424359288
963 688 354890156
949 824 916466327
1329 1585 -365576611
240 313 828023026
66 1595 721781636
1292 97 839472543
1645 638 -27063871
458 1440 280807316
1542 1301 957718207
22 1661 557915546
525 877 -655361125
1707 79 287904549
1634 1407 102082631
442 1646 459115348
292 1711 285258544
49 1256 395728955
1655 1154 -874904744
758 1611 773460447
131 1406 263141200
94 1427 164777745
1454 205 -832059387
9 165 -742531030
1133 53 867714827
349 494 751615829
1623 785 710539537
999 833 148412719
471 741 -530417913
581 1499 -686086089
383 1628 923580839
1486 1721 557287011
756 1428 790673139
903 1435 978629379
1128 821 -962377943
1012 1170 -397925438
795 1045 500009920
543 297 -546790233
1545 768 301146643
209 1347 16756679
483 1729 -119152808
417 1468 -148863614
30 477 -514460190
1593 1379 -871303663
1575 760 68510516
1608 25 -592935020
387 820 603475073
1697 1362 942999342
346 1160 -178633258
1482 1368 -636327473
624 105 -656622854
1393 520 -976378203
390 549 -430815772
814 396 -851994951
926 224 17553233
113 84 45543605
468 470 983591996
122 420 542237940
72 765 -130105840
789 501 -563857260
1107 1124 -445102409
1407 769 149739552
1427 1158 777955635
178 225 -769781024
307 1150 -514841045
1196 1262 -419602371
363 1729 118009559
348 105 598004665
1695 176 -526407284
708 964 45920351
1089 324 -668255748
1573 1730 211911610
831 1410 -462441188
637 1588 -205774335
838 148 -889391493
1262 1343 555217852
22 1704 535118683
998 305 653786069
647 253 854219354
1061 960 -42214720
228 302 328156370
517 128 308709772
1575 958 -76932716
299 1594 -259586869
992 685 -91247637
1089 199 -554361788
700 220 -603385715
295 1218 -254727425
1738 118 33851023
1611 1178 -867756211
701 1405 -523406388
115 175 -378201917
1257 4 717596755
317 301 541945262
963 1292 -674937418
11 634 -447892332
400 1333 -196521848
746 1627 -802816412
1397 1618 -668771354
553 1482 679206040
669 436 287036120
1085 550 486463140
1628 60 489398710
1381 376 833401639
981 1339 312697594
1265 1348 -962104919
1747 1 564211950
702 746 426766886
874 396 279345955
1164 948 -23831486
884 1616 475019838
261 953 -895943700
1559 834 -828012330
1113 468 -398118767
968 1448 -865849882
368 966 677546688
401 966 677709154
20 1667 -468748198
1266 794 -16552796
637 211 -931853615
1489 1094 917593133
1031 1354 8381059
1121 1165 962308248
1272 532 -503028548
51 1498 -845684066
168 119 259404275
1633 518 -635655857
1351 538 -727386311
69 57 181396500
928 692 421921224
987 434 -326606100
915 1464 -777149353
49 838 556754606
17 363 -835495512
450 413 879501930
585 580 -985555471
1685 465 -392772637
257 70 222062384
495 138 285716477
1526 1064 -922464403
1021 304 -426311742
1609 1219 -750805702
58 1267 208110015
1417 1283 622423082
1560 1732 -905985271
1455 570 -242964924
1468 508 289030806
252 763 367711079
1319 1257 524327691
695 1036 -257672151
763 310 89857936
1264 173 -515488913
1481 229 934668358
790 1645 402637999
460 1459 385391461
542 1167 -962755322
1203 888 -382398076
583 1139 490807343
31 710 -70525378
1361 1405 -884999738
263 421 -530694510
1215 1683 -334215798
1638 1418 -72712953
1581 461 -189431369
1059 920 -519866560
523 1461 815483406
555 918 -168936944
1094 1499 -865900247
650 1529 -53344118
1461 1143 -445552083
1562 1406 35011456
225 874 -37965239
807 765 -415287876
1616 599 111153563
578 1657 -836217841
997 433 836612641
836 987 -113319915
1561 334 -396984704
1679 983 -646670647
759 698 661949947
1243 513 271204926
401 737 -729047771
1240 1543 145702940
5 1412 830125418
975 243 726857661
1118 1239 -778708869
975 328 350670505
3 142 732597710
530 74 -142119914
838 832 655992253
543 328 -758065524
1653 727 85012243
143 221 -148990242
1144 224 -532785936
995 1198 -255806208
757 569 -837917619
950 1543 -463636762
383 1546 -301900583
150 329 -218609329
899 1166 732892879
598 1708 -892946040
810 1614 -61114630
11 10 190421867
754 1153 446375578
1162 401 -182099936
65 1157 468777483
207 360 235620476
675 742 5109129
1284 891 380258739
221 42 -285601343
1733 640 -330521172
81 1448 -483295819
900 1458 -472973056
194 464 846150056
1456 1625 -695801064
424 1689 628031244
1707 149 -961061888
1039 823 -112409955
171 360 906584751
1376 580 953802318
253 566 -314765003
838 646 -657182737
1289 1546 -988438638
3 1738 -457522950
1615 1448 -597221611
134 125 -663340828
1556 85 -493798220
1590 1123 447769449
618 1293 859461598
537 922 -477331105
497 1175 170284218
1095 265 909361530
1394 1553 678786196
1404 1556 668980086
132 1423 326318778
483 1557 468702336
777 1365 564908242
1219 1208 -149443028
737 80 -669242344
614 615 385769032
1071 1111 -270010241
346 459 32898660
267 106 -188800080
1733 1509 -408079520
1444 1640 -778789605
856 376 -996731400
392 1153 566126341
12 625 -51278271
755 1361 38644807
1043 228 742480329
507 1298 14030609
1144 1644 538530647
300 164 658797704
1008 150 386393143
1525 1593 263794012
1718 701 693778700
1721 1092 13006378
1342 1103 727678826
424 111 285565494
1331 1153 546127979
1106 1659 32035176
246 1057 -86428694
1589 1356 100097893
1291 617 270401138
755 395 93461124
113 366 895596632
1591 341 145509996
730 1682 -591890539
492 359 -466048005
1614 1690 853795254
1218 1049 753408271
373 1294 -37219196
1170 1135 -485188487
385 679 220700315
1494 1434 672367694
702 1545 -908975959
611 1389 -520062044
1611 372 -594764218
222 863 -184360755
688 730 -250206845
560 201 950177838
345 573 430823905
1185 1742 -269737998
1635 380 507289833
954 127 148300542
668 828 -82911860
748 1439 -492568674
1167 1303 -67663520
1521 1524 919482426
487 464 -245565341
1141 1023 -16678843
1098 1367 638177096
601 806 632573782
1238 693 -933390893
808 1647 -789315790
65 568 158260213
865 1315 -195066248
1308 735 -703785179
376 509 -959787118
306 994 -429120070
965 389 742011216
77 1486 307015015
1507 339 -771327870
1186 1577 21794070
1245 638 -92918843
1428 702 556901078
694 1566 62277878
1396 1128 903149512
1655 1503 -515248238
1690 62 622723871
442 1025 -933141005
217 1101 767334971
1358 862 -845024296
1558 301 960043193
704 1545 -310172725
1496 1226 492628488
1109 173 285534973
290 1568 -424021943
206 1476 -703705782
629 1419 -634034119
300 115 539427706
358 331 -199999150
155 1688 785862408
290 1499 -870413836
255 456 897781223
857 205 301131794
415 1313 497898093
1537 1602 293013869
294 61 -17306056
552 689 -392848802
872 987 -262734438
470 1344 115048249
1168 1498 47514277
981 41 -236664224
1094 295 284306812
1005 1152 517508545
395 1565 19842052
1703 1355 -146414788
1085 1648 -78112464
197 453 709500784
727 1324 -160851169
1371 47 -622309332
598 1214 -907538732
1513 448 -861563667
433 1541 -524340944
1554 799 793956712
1133 1193 585957789
278 1149 137197262
1023 487 23653186
82 684 541619780
1574 1410 57062923
561 1034 109410323
890 1631 -501337170
971 1397 10682850
1092 84 -224943452
1507 1637 689565146
1327 1023 55340438
966 1300 -629719480
213 576 -72600743
1106 656 709390593
706 483 323405728
1629 1043 -493289778
851 186 -625647676
1287 1156 973846311
423 501 -931472038
1100 261 942704085
829 1587 113883227
4 806 -398092560
327 1018 260361934
1137 377 -988865754
883 1082 -436274843
292 964 757283499
735 68 969499939
1062 1354 292835744
1039 30 865727249
1099 1129 -836166493
1049 210 981111230
275 213 -96481791
800 539 -931748297
155 1675 -501035098
164 811 737277581
657 1103 -159747333
445 91 -82699519
418 1151 -532916145
1547 443 -499714362
1430 1541 791962378
1573 842 -968320779
1556 1116 -725223393
599 170 -108464948
658 324 -190646185
1094 487 737623488
865 1143 -250201
1598 1586 102442969
653 258 -579944678
1061 57 -73566833
1498 1486 -309895532
1316 1311 653773306
1344 1120 -68677088
1583 1718 124660723
616 630 494148676
1322 1723 -949078986
1093 840 358702895
220 692 174777819
1182 1344 468645722
1549 657 533142350
612 408 233994952
1214 1723 -264962967
912 1319 -982620176
1725 1156 984541532
961 25 -295226138
519 1346 -322958286
564 692 638622669
4 911 -570230605
1030 347 967782369
566 149 -280254549
158 760 185944272
1235 227 158341216
131 1139 -331384499
146 1117 991543732
133 331 -981339037
748 849 559321006
1339 1412 -648852648
1024 1415 393889795
1399 698 789991308
1371 1263 959507212
253 1420 -171129328
1288 908 88186155
554 1038 -608773030
1137 1184 669316025
1130 1315 -952885955
1146 317 18769703
762 1655 -364795984
1068 931 -744880122
539 583 53295107
356 207 -501624572
320 459 -876496813
1044 1746 162673339
248 553 -649077084
589 1689 705631740
301 1072 211341342
342 472 572825586
1231 1232 467126183
40 553 -467134195
262 1091 199813843
1182 1446 435752668
1617 19 960427729
1725 1062 959783298
994 1309 -407839406
1300 151 -473824886
1043 451 753370591
355 792 -707592011
1728 276 702608313
1263 315 -664881086
1728 576 583829587
1029 11 238731640
537 1627 259332285
502 1605 -525497806
467 852 972427519
984 405 -855664768
1443 1447 -340458641
1228 55 565159942
1483 36 879960687
1224 1298 -760852392
1516 1279 -102159417
1153 561 -90665282
488 1097 -227994558
1588 1598 -390644060
256 318 584059553
232 1301 -952960805
358 997 703926607
934 478 766063131
554 215 806274353
449 1437 291686456
658 1206 -244834755
1442 612 396524563
490 1100 -348482922
1164 941 -519429483
1696 1195 -156531820
1333 1426 -667629342
1374 37 473453066
1115 970 -979914003
911 1523 -735322564
742 225 909835697
123 882 290679693
783 577 991039012
256 1066 249645294
825 483 -674169177
1244 431 694097794
235 17 326873724
525 1390 368493845
65 758 -521500483
83 1668 -777949319
314 662 -520891975
235 785 488819156
1362 1567 -850975342
1354 75 369059246
699 899 920928363
983 396 -586012051
716 630 -567702445
129 1153 -977103624
1323 1217 -110288980
1741 1299 -201195384
189 1612 556451519
607 99 -545661816
161 1460 -752370145
291 1067 -667148904
1486 19 361518983
1417 1001 814204035
32 1716 -465625571
410 98 854400822
430 1420 247736283
1207 1414 -265533191
158 1601 -420730167
1517 462 -308018947
167 621 -636719838
384 911 584206172
674 650 604404377
117 320 -250294399
1701 352 -285792363
421 761 -175215792
294 1190 -550070841
1383 649 -931857993
278 806 901473431
784 576 -570968542
1388 742 139635243
1705 1125 -817690555
1342 52 -73886693
997 167 291975195
1651 121 693883057
529 541 -435865553
1249 834 925625740
1642 470 -331932044
1701 747 590265710
1615 1531 -751329477
244 1172 97620576
1239 1130 -615254274
1398 725 -557102933
460 1721 -366406416
1588 1626 -228960690
1321 408 389608673
68 1656 -656297504
3 1551 -118942939
586 1505 736139177
228 1373 488218675
445 1616 -170723393
1403 1108 -877406865
1739 759 -47625569
380 1218 -76975128
933 1059 -215749942
1606 633 250257626
1073 700 145831785
1373 701 -79098306
397 1286 -356390643
166 1513 -784571795
1465 212 -934610303
443 1614 333129075
550 1606 -799044215
1382 239 594983133
442 1171 -192813687
1126 1030 531448382
472 357 -668096212
1472 1729 134178268
530 379 -393660220
1092 544 -661345966
1280 262 -420208451
1337 705 -572627097
755 1254 -733856178
930 889 -460998628
577 1330 879539135
1281 709 58796423
872 1180 466381909
1162 905 445998086
406 1434 878702016
936 778 -499367124
1231 311 -199990659
1737 1647 606108015
364 655 41522035
597 1585 -941374166
1067 414 580444279
962 1695 -608772568
141 820 741232916
1421 235 -223707480
937 640 -582692066
831 1575 307888516
1268 1059 663462471
221 1049 549419495
1623 1413 -701111334
786 263 -887174233
837 1329 -413786070
471 544 -473760530
812 684 464350767
587 357 732451610
1264 1293 -535279734
1629 377 -732503485
1024 1645 479434390
731 118 -319674559
337 1740 -702457431
598 779 -402770402
697 1615 -881612103
1208 339 -259443397
1668 1150 522532138
1200 1736 930696412
967 1253 411047510
1372 1135 842287448
1606 412 725049102
1151 1141 859341812
1745 1478 851273593
259 329 -257633519
780 1024 -408753690
884 486 -21642641
1530 406 -705072941
1113 1606 -717811672
1053 825 716433683
539 450 14971059
401 309 485688972
161 1459 -207950105
38 1458 -516526680
1654 1716 -141152084
557 749 -969000552
1073 1632 -413858155
181 1415 50514578
438 782 -111531585
685 88 832454961
437 625 -652805514
1323 1025 -299816498
874 1185 -629143602
1566 1223 -960461385
242 1130 -996227278
991 1686 -139211684
1018 1011 -271026707
1530 1191 -651115746
701 1628 243053340
1477 566 342176962
1331 1002 -942697370
1634 578 230717790
499 1451 -412528454
823 1270 986905709
857 1510 280293872
861 755 210002516
1612 26 -632722049
502 1555 730477534
807 510 594528325
146 240 -758381347
1318 1569 388182196
1368 1456 -950809984
696 208 710331085
1209 1030 163655296
1198 140 -107364030
569 1000 756121022
1626 865 785109900
200 1366 565744448
1711 426 -851460755
1357 571 -578037298
1568 142 -781530217
1034 1509 885254973
1077 459 -877498227
824 1667 301066581
94 1118 460488013
873 1686 -395461210
660 1565 594007225
473 19 157866612
94 1729 645001205
223 1339 -701535655
592 1160 -539567008
782 447 -811790223
682 1523 -287487509
789 600 -379187321
179 693 900016050
1454 1565 830416476
236 478 622016472
1627 950 642093989
892 1043 621126560
582 1265 153642510
843 110 -518739507
1245 891 -7837297
1409 1572 -264460845
285 614 421720934
827 792 -785636661
740 499 -993897663
592 734 -446941048
262 614 640343081
1695 1506 -166300824
1365 341 -718333522
626 1183 -593792310
1046 680 425792596
166 342 225676168
808 626 928360180
303 1452 -165088786
490 445 405817282
496 1036 -754382826
979 1297 -51681885
665 1245 -328213286
1392 862 61024180
1638 1487 -585505144
247 786 192631733
1492 951 583644589
816 12 -699954084
753 314 962648389
1482 803 -528531937
963 1298 656921409
1178 530 141024902
260 1193 -434127468
846 839 552590856
26 730 254822387
388 976 -846172384
1429 720 241769245
1066 1535 254186428
1328 541 612800101
1295 276 -468026398
1707 1238 -982190732
1407 669 -376633951
657 927 988987027
1151 26 -51628621
761 51 783185579
110 439 -100362681
245 121 723519193
1329 1186 480507369
677 766 -901037971
339 315 -586205616
804 274 830821717
819 1681 -404338799
1364 591 656630950
1354 1741 685517678
436 755 743345565
247 864 -755390533
1032 1108 -618058885
791 689 738985098
337 1366 -384212667
424 1704 -25003794
785 761 288079782
637 1580 211959469
1157 1196 887660170
857 803 881054416
583 1238 -255266937
359 1484 733518496
572 769 1238333
906 1558 789661819
678 149 352975379
1215 571 303979118
321 1355 -825353364
1445 245 982787201
757 1401 351766860
659 511 -729427357
555 1093 687575925
1205 1451 385962288
973 276 -734630951
101 1181 -950684600
1663 112 -781691287
1098 1326 -128688986
491 1646 -577883311
643 1344 -298452548
628 354 -694735495
62 1012 -110101203
298 1566 -859031992
26 1025 801817702
1236 250 -882942654
1467 350 468628056
1510 266 595514928
1701 1364 113505295
716 108 -2404635
1084 750 -464135084
1697 1377 -59726581
217 1438 -901518957
994 1736 891542205
1117 14 64189968
944 1249 349942827
1046 969 750039117
582 733 -945859344
229 687 615222821
1201 1401 737264733
326 738 -405086973
794 688 -829045097
1615 904 817157221
1701 151 804092626
1606 1267 819337042
789 464 248852757
222 1509 -641991180
3 344 196120630
51 573 981496901
1461 27 585448645
1231 352 -569907448
5 1145 216976073
154 1013 -748636287
1740 967 -576845732
1569 826 873315747
1412 1614 -596334148
756 89 -868738073
1068 91 -475267971
367 141 179591087
351 1601 209344396
1735 1085 611587322
364 1089 -77815221
1427 1242 -918589816
1646 1236 187744581
269 1058 -867269824
159 723 980556935
511 1478 -918832313
626 799 -815398453
1084 1165 -655000828
368 1514 -822416619
1423 1502 419618909
1084 119 -333981216
143 1545 -912262094
214 1444 501933499
1251 1712 -287301812
1367 124 539369013
1350 634 230798735
1421 1259 -855003828
1582 596 478081955
137 962 211552984
292 639 -69142094
1532 1722 66089270
367 118 -165776849
444 332 -513376740
9 1582 -553556134
631 1202 -412999286
229 806 311959656
1304 480 -247417380
1430 315 433601631
975 451 -465392221
286 743 264945458
1099 528 236201991
284 894 370562157
1012 1337 749436139
1437 1345 560568517
80 229 -63310528
593 457 858355934
1738 14 -593264407
649 1443 -233570004
155 671 282438311
621 956 -867656078
1726 308 -264234264
1059 590 758722538
509 1601 288952232
291 1291 -171611679
1653 1370 89728987
725 216 612343247
601 207 627029836
956 855 278784925
1625 1009 -954309529
999 1629 139299456
1114 1608 490469788
11 920 -834709264
1546 1428 997985451
925 1718 475177192
1649 1624 43309825
854 602 289384064
515 1202 525359566
190 411 -496181052
1306 290 658363842
1346 1288 523602028
595 655 364478964
150 665 -582803359
294 464 -947682786
292 1388 -980723177
1580 1290 878643986
745 397 -432891826
125 911 943025318
1456 1100 -586868985
150 659 -256144743
1598 258 -782363643
1182 852 -33181764
627 1001 727166629
991 1294 -742595923
1037 1586 846482809
1054 1419 322791147
948 417 776058080
1443 541 -181373146
1393 250 -922472697
8 399 -168455644
657 250 126368482
847 1431 -898700862
1691 312 246806112
1453 1302 -271819859
1678 592 -456593325
1544 1645 -832337093
953 846 -355741337
757 542 262578006
1472 189 547980504
1540 196 -995714896
520 852 -710144352
1503 1698 928294161
1591 1643 -715920390
934 1349 774408632
1569 1280 -548401556
298 1077 -665074134
444 283 303034887
1007 1039 923033678
363 764 -862052440
1714 557 -639092454
1718 1075 335768892
225 831 280167954
162 675 160922969
410 1608 -294799435
214 1430 -829595183
608 1727 403018533
900 424 725832864
292 1430 -85094113
225 46 788864454
345 13 -574764130
660 1730 655564488
80 208 -393781207
1198 370 378497919
465 779 219207982
1081 992 -143470880
1230 1598 -166131992
708 752 318887552
469 1042 -44153582
1268 1266 7322606
1083 1610 21296625
1455 523 2053578
1154 602 239449113
1683 53 661777390
1141 517 -446881983
459 1597 687879628
1207 1079 517660666
189 41 -622613002
1340 509 570093509
429 29 18813879
1308 1112 -138504331
454 820 459046421
1328 227 -852764971
664 163 -793770553
369 1303 -203047357
852 15 -375394817
580 1220 859591883
158 1408 904931277
488 1001 -513543771
113 1429 -480927376
1002 990 791644916
8 1443 -270591024
1282 1024 -12070710
1410 1687 173424652
1590 310 -335607018
540 1161 -319957740
1085 1739 -923098394
963 151 688839028
880 637 -165257921
1305 749 -529542824
12 4 603306923
1576 11 254587947
467 1292 -573646171
1329 956 -641946322
607 799 -288535114
1187 1338 -960294531
35 677 -969344946
102 1639 -798025692
1577 771 -68949773
559 329 787976320
970 340 791566468
624 169 803316340
1719 634 282272356
345 216 -624330455
658 823 289737353
1279 263 -178571575
1314 297 595347941
1340 399 471087787
1517 228 -646420762
583 787 -270721477
398 10 117258266
216 632 309163382
45 604 -965597151
1164 949 -719094048
1492 1606 222097347
872 1137 522370013
1589 704 861766209
1236 297 -682812456
774 67 -422526958
1083 650 477364784
1719 1047 487319946
949 1262 -789354550
346 1306 -98070756
376 723 987525157
621 468 825486866
1688 1339 127279258
1271 1181 932607803
1150 670 -727872446
1427 1444 -652187184
185 779 90713817
1475 752 -711193122
1027 1700 733658465
1211 298 228584919
253 673 -944141403
242 1293 -408850959
89 1234 -875806394
1074 758 476420715
1015 161 -756821690
1252 1587 895554175
1556 26 -212872448
762 1500 647176959
1014 780 592960665
782 245 933642053
108 496 -296376030
157 737 -816187632
673 826 596304595
782 152 -536529337
325 1166 -352923219
537 671 -535689509
446 480 -507355164
1133 1242 -790555400
825 509 102029728
469 1290 381045671
412 1397 948421672
1026 1553 -208317110
1186 479 736316187
834 1260 909600825
1238 1583 244144605
57 373 -987924918
463 818 -438794929
893 204 982248388
1076 1027 -435988088
292 1496 -959845893
1497 160 639259893
1452 1185 417187866
397 624 965087069
167 1457 407151105
88 949 219800690
1174 1005 646214133
1185 1467 -418054390
1675 612 -185877331
1659 1687 989922270
406 232 702305078
441 1728 884913146
126 1433 241370443
1363 84 955489338
1333 250 623574425
815 337 -290903633
134 1511 859131944
1571 949 537991646
333 877 -761679690
1044 789 -830437466
1035 1194 -566251952
775 1634 -588077478
675 13 -947492373
12 1375 -852813744
1720 960 -567725409
1391 28 -182626541
264 161 -453372536
141 1732 632111687
1484 318 -364968800
1692 1361 537634389
94 649 -96066832
472 1423 -225918358
832 351 -212660298
878 362 -639104783
1006 335 459835254
1384 1725 491310919
351 242 675122902
829 382 657485338
507 119 -979656165
1062 63 577821062
658 156 -680160711
1447 628 948703593
377 1459 -650672879
1064 590 -236919684
1379 1595 145452514
908 1232 120018144
464 1582 395873570
180 664 832150737
1627 1170 966841291
1645 485 -961734458
1276 1142 -784013977
1556 842 -66249218
1511 1218 -396517660
70 536 277688324
736 168 103554988
1736 1075 -486643073
968 1538 -675532406
440 1717 83514454
294 1597 -577390806
265 1495 -23216987
298 1024 -716329702
487 833 247204218
1302 597 -358533585
83 665 253796589
1198 1400 445089957
416 1389 -324818227
864 610 -564617045
1147 1049 -599183593
347 1342 -771032536
716 1606 940179963
1569 157 112274965
70 643 -934908240
1159 198 -252666060
1719 279 508328623
1068 1476 111156128
583 145 -298731031
1173 1008 398685287
1553 408 -400721343
157 754 -864800188
356 1469 973290045
304 1290 -848185102
1275 1359 -113239606
1332 771 111877313
239 743 430647996
1555 64 120760767
779 646 285770614
1392 72 -560965537
867 1624 -94980094
1390 33 767241398
1508 389 448308133
1484 692 -74996877
1617 220 -519003334
645 1551 363492979
1616 43 -786041521
1119 1597 -713810246
351 629 25276761
1474 274 106401274
111 1140 -35053751
901 782 1728089
698 543 445714260
216 281 -762915276
1024 151 -511885554
1444 795 -736104813
888 664 -688239115
1075 35 -859959836
1325 386 -140110847
474 112 172576819
1440 222 -523211550
536 1122 371802701
1410 73 992819385
927 288 -686871454
1134 1311 -515454919
1560 1008 393829383
44 149 -847141231
316 1223 -807718767
438 800 -367142458
1189 1273 -239641689
467 965 13818000
883 1500 -701743482
335 1164 -619084740
328 343 -289897641
602 1476 -789179061
1025 1289 364067665
496 1332 533335516
629 1647 -67417026
797 338 847999788
1349 1527 304862723
267 246 -590426947
1152 1129 -872922976
1413 1462 459102727
1745 44 851364421
619 644 540946828
803 1668 15964396
248 417 -459687688
1587 1045 -574248541
655 95 -187678000
522 1443 -440086911
1661 1709 -158898454
273 1114 -867324183
384 780 806438606
1657 778 855209297
1528 1396 -407883565
1127 452 -498294901
268 699 -22195326
740 539 -826726074
1111 1192 -719605909
74 1713 932022707
563 1627 888518087
1297 153 163698229
1413 536 -944180346
1244 446 -54202383
