14
160 0 30 60 30
125 0 32 28 60
95 0 27 28 60
70 35 19 55 90
0 0 60 35 80
0 40 29 20 60
35 40 25 45 80
0 67 25 20 50
0 92 90 20 80
95 38 55 12 50
95 60 60 13 30
95 80 45 25 50
165 65 15 15 25
165 85 10 15 35
35
10 0 20 70 30
60 0 20 50 10
100 20 20 40 40
130 30 50 40 20
200 30 20 50 40
150 0 60 10 30
240 0 40 40 80
240 60 40 20 90
260 90 20 50 80
230 10 10 10 10
120 80 40 20 40
50 60 40 10 20
20 80 70 10 30
60 100 10 10 90
20 100 20 20 40
100 110 60 10 50
180 120 60 30 20
220 170 40 10 60
270 180 10 10 90
230 200 30 10 50
240 220 30 10 40
190 240 90 10 10
180 170 30 30 30
150 210 20 40 80
50 210 80 40 80
10 210 20 40 10
20 170 60 20 30
0 160 10 10 90
10 130 20 20 20
40 130 30 20 20
80 130 30 20 20
90 170 20 20 20
120 180 10 10 90
140 170 10 10 90
120 150 30 10 40
100
730 360 20 10 20
210 140 20 40 10
720 10 60 10 10
560 800 10 20 50
290 310 60 60 80
790 90 20 30 90
920 190 20 20 30
460 450 30 40 10
480 370 10 30 40
150 990 20 20 30
690 520 40 40 40
390 660 10 50 90
330 140 30 50 80
420 220 20 40 60
580 650 40 50 90
950 490 30 40 20
800 0 40 20 70
460 690 30 40 40
310 870 40 50 60
310 100 60 30 60
480 70 20 10 80
160 90 30 40 60
510 390 40 10 70
400 540 30 50 10
750 130 60 20 80
570 590 60 30 10
540 900 10 50 10
30 970 10 30 60
790 920 60 30 10
630 860 40 10 70
640 770 50 40 10
620 190 40 40 60
430 490 20 30 90
290 20 50 60 10
490 500 50 20 20
880 930 20 40 50
920 290 40 30 20
470 990 10 30 70
510 780 20 50 20
240 450 30 10 70
580 940 50 60 50
170 820 50 50 30
980 210 20 10 60
950 660 30 10 50
530 280 40 50 30
470 580 60 20 50
480 340 20 20 10
860 790 10 20 90
520 740 20 10 50
470 630 30 20 60
690 960 10 10 30
240 580 30 40 40
870 400 20 60 60
140 460 30 30 60
850 840 20 20 10
470 890 20 60 40
720 830 60 60 70
800 700 20 60 10
80 480 40 30 20
290 810 10 40 70
380 790 30 40 60
800 430 30 10 40
350 410 20 10 40
70 240 60 40 60
20 930 30 10 50
160 530 60 50 80
130 160 40 30 80
640 0 50 60 20
220 960 30 10 60
990 130 40 30 20
90 560 50 60 40
580 100 40 20 60
300 540 60 40 20
280 170 20 10 10
770 270 50 40 30
50 90 30 40 40
930 860 60 50 40
980 290 10 40 50
270 280 40 10 20
910 240 20 30 50
450 110 10 10 70
530 980 10 50 50
720 300 10 40 60
50 160 30 20 60
530 530 50 40 20
270 130 20 10 40
390 50 30 30 30
120 740 30 60 70
480 180 10 50 40
740 710 20 20 10
150 250 40 30 60
750 110 20 10 30
350 660 10 50 70
840 120 40 40 80
640 430 20 60 50
620 290 10 50 10
910 440 10 60 60
490 290 10 40 90
190 190 30 40 20
900 120 30 10 80
100
550 160 60 30 10
420 430 50 60 70
360 0 10 50 60
210 950 40 10 90
660 890 30 10 10
130 920 50 10 30
590 650 30 40 10
420 10 30 20 90
210 580 60 20 30
650 460 20 20 50
210 970 30 50 10
480 840 60 20 90
170 840 40 40 40
600 990 30 10 20
430 260 50 30 50
130 80 60 30 40
480 620 30 60 30
380 380 20 30 60
110 520 30 50 10
910 290 10 30 40
310 780 40 10 20
130 240 20 10 60
690 580 20 10 50
510 900 20 60 60
400 900 60 40 30
250 810 10 60 90
250 0 20 40 10
830 250 50 10 30
180 750 50 10 50
550 560 30 60 60
60 270 30 60 70
720 220 40 50 10
510 20 10 50 60
960 460 50 30 30
270 470 40 50 50
360 450 50 60 20
770 460 20 60 20
820 100 50 40 10
350 810 10 50 70
260 720 20 60 20
500 240 40 10 90
60 460 30 50 40
650 510 60 60 40
50 710 30 50 40
510 90 20 40 80
900 880 40 10 80
730 590 10 30 70
80 410 10 40 20
230 250 40 50 40
420 550 60 40 90
630 610 20 50 20
480 380 20 10 80
370 210 30 10 80
660 310 60 10 60
530 270 60 10 10
260 540 40 20 10
560 830 50 60 60
830 370 10 10 50
880 520 50 20 70
660 910 20 40 10
620 170 60 60 70
960 240 40 40 30
300 30 50 10 60
970 520 60 50 60
320 930 60 20 80
110 80 10 10 80
790 770 20 10 10
10 410 10 10 70
830 760 60 60 20
640 40 60 20 20
450 310 20 40 40
110 380 20 20 50
270 310 60 20 30
200 160 20 20 70
970 910 30 20 50
370 350 60 20 60
270 850 50 30 40
830 570 40 10 90
290 700 60 10 20
30 80 10 40 30
580 400 40 30 50
490 440 60 20 80
320 120 30 60 20
80 190 20 20 70
610 750 10 20 30
580 450 10 30 60
210 920 10 20 30
740 310 30 60 70
980 50 50 10 30
890 960 50 20 30
110 810 50 40 30
550 310 60 30 40
610 90 10 10 80
800 900 50 50 40
130 280 30 10 40
960 310 40 50 80
810 710 20 10 50
10 590 30 40 90
700 990 60 60 40
810 270 30 10 90
100
410 580 50 20 90
140 790 40 20 40
370 660 60 20 20
170 140 60 50 60
740 700 50 60 80
620 630 30 50 10
200 100 40 10 30
590 140 10 20 40
250 540 60 20 30
580 910 60 20 80
790 900 30 20 60
520 460 50 10 50
990 740 40 10 90
50 510 30 10 80
340 410 30 30 60
700 920 40 50 20
330 490 10 50 70
710 340 20 30 50
670 400 20 20 50
150 350 60 40 50
870 980 60 20 30
510 0 20 10 70
460 350 20 40 20
940 290 40 10 70
10 830 10 20 20
600 400 30 40 10
990 480 10 60 80
480 70 50 50 60
990 630 60 40 80
660 510 40 50 70
760 400 20 20 10
210 250 30 20 20
270 610 40 10 30
80 540 20 60 30
940 880 60 60 40
650 570 60 20 40
680 50 50 60 30
770 70 40 20 30
740 540 60 30 60
150 450 10 30 40
640 860 60 40 20
510 780 20 10 10
490 820 40 30 20
190 580 40 20 10
0 690 30 20 90
730 450 40 30 80
470 700 40 20 40
20 180 20 50 30
820 30 30 20 50
250 810 60 50 70
540 290 30 10 50
810 130 50 10 80
40 130 30 10 90
860 720 30 50 90
460 940 50 30 70
500 870 10 60 90
590 790 10 20 80
980 360 60 30 40
890 230 10 30 10
90 630 40 10 30
580 570 20 20 90
40 810 50 10 80
420 900 30 30 30
760 290 40 60 60
530 950 20 20 10
690 140 50 20 10
230 900 30 50 70
50 270 50 20 50
320 10 50 20 40
580 190 60 40 30
540 810 10 20 10
390 960 60 60 40
140 490 40 10 10
930 90 50 10 50
340 160 10 10 90
880 390 30 40 80
440 180 50 30 40
730 840 30 50 70
800 820 20 30 80
300 340 60 10 50
570 480 10 10 20
890 460 20 40 90
310 430 20 20 50
840 470 10 40 60
220 740 40 60 60
460 220 10 50 50
500 210 50 30 90
580 260 30 50 80
20 880 10 40 80
920 420 40 60 90
960 150 50 40 10
310 60 20 30 80
840 850 10 40 30
410 480 50 30 10
750 620 50 50 30
960 830 30 40 30
940 710 30 30 80
170 890 20 60 70
830 310 20 40 50
280 220 30 40 40
100
260 480 40 60 40
850 150 30 10 40
870 820 20 50 20
120 800 40 30 70
790 480 30 20 10
70 820 40 20 30
790 510 50 30 50
210 240 40 40 30
80 460 10 30 30
840 740 30 20 10
440 290 60 10 50
180 860 10 10 30
570 220 30 20 80
820 310 20 60 70
580 260 20 50 20
190 530 60 40 70
990 70 10 60 20
590 30 10 40 10
260 220 20 50 50
80 580 50 30 60
500 940 50 50 60
40 950 20 10 60
920 0 40 60 80
800 560 60 50 20
940 80 30 20 80
900 290 30 50 60
990 190 40 50 90
220 880 60 30 90
480 310 60 10 30
760 940 60 40 70
680 420 10 10 20
750 110 20 30 90
250 580 50 10 90
720 630 20 40 70
580 380 50 30 10
470 510 40 20 10
450 0 30 40 20
180 120 20 10 30
220 730 60 40 40
670 100 50 30 50
780 850 10 30 20
80 870 20 40 40
300 90 50 40 90
410 720 10 50 70
360 890 30 20 40
50 340 20 10 70
350 180 40 40 70
780 250 10 60 90
850 230 50 20 50
220 140 30 50 70
750 780 10 60 90
70 380 40 20 30
990 600 40 30 40
20 110 30 10 60
610 630 50 10 10
370 250 50 50 40
360 50 20 40 10
740 50 10 40 30
160 80 10 60 20
100 20 40 30 30
860 370 40 10 80
590 840 60 40 50
180 830 20 20 30
660 360 30 50 30
560 430 60 10 50
440 940 50 10 10
370 810 10 40 10
450 350 40 20 40
600 960 10 40 60
430 740 50 50 50
460 570 60 30 50
610 920 60 20 20
230 780 20 20 30
760 550 10 20 90
370 540 30 30 10
830 990 60 50 20
140 910 60 20 20
230 80 50 30 30
670 40 60 30 50
310 520 40 20 60
430 610 10 50 90
160 620 60 10 30
140 260 20 10 60
390 320 40 10 70
920 810 50 50 20
290 330 60 30 20
30 70 60 20 20
560 630 30 20 80
740 190 10 30 10
530 350 50 20 30
520 60 20 10 30
950 940 10 20 50
810 760 10 20 40
270 650 40 40 20
400 130 10 60 10
170 970 60 20 30
0 680 30 10 90
720 730 10 50 60
390 420 50 40 30
930 390 10 40 70
100
490 810 50 40 30
300 870 60 50 60
900 140 40 60 20
550 180 20 20 60
940 610 50 40 90
40 750 10 30 50
540 940 20 20 60
550 550 30 40 30
60 420 30 50 40
520 240 40 50 60
110 670 20 60 20
160 950 60 20 40
420 740 30 50 90
930 260 40 30 80
800 450 20 20 20
570 730 30 10 50
960 220 10 10 20
330 300 10 20 50
490 720 20 60 40
250 780 50 50 20
480 620 40 50 80
790 260 40 20 40
20 150 40 10 30
740 500 40 50 80
110 320 40 30 20
130 140 10 50 80
900 560 10 30 70
490 500 60 10 60
210 840 10 50 70
960 930 10 30 30
170 430 60 10 10
400 260 20 30 10
70 370 40 20 80
360 680 30 20 80
10 480 40 20 30
300 140 20 20 60
560 490 10 40 60
920 470 50 40 60
620 890 30 60 20
120 990 40 50 20
970 50 20 20 40
940 790 60 10 30
480 150 20 30 50
630 290 10 30 80
670 40 50 10 10
190 520 60 40 70
310 450 40 20 50
850 650 40 10 10
160 720 20 20 20
150 860 20 60 80
200 780 10 20 40
910 400 60 60 90
620 180 30 10 40
830 20 10 30 20
40 620 60 30 80
980 530 50 20 40
550 370 20 40 60
910 30 40 20 20
320 990 20 20 40
310 240 50 40 80
280 50 30 20 50
710 180 30 20 50
180 230 10 30 40
890 720 30 40 30
750 220 30 20 50
820 930 50 30 80
860 600 10 10 90
470 520 30 10 90
470 920 50 50 50
900 980 30 20 50
230 710 10 60 20
970 810 50 10 80
300 580 30 60 40
990 880 30 30 10
880 930 10 40 80
240 840 40 30 80
670 340 40 30 40
750 300 10 30 70
90 790 50 60 70
800 140 50 50 70
350 350 20 20 90
900 60 20 60 40
10 380 20 60 70
250 380 10 60 20
840 380 40 10 70
180 840 20 30 70
0 280 40 40 80
410 330 40 30 40
830 210 50 30 30
120 400 40 30 80
280 410 10 60 90
980 480 50 20 10
440 650 30 10 10
750 910 20 40 30
920 840 40 40 30
620 500 20 30 70
410 420 50 40 90
70 200 50 40 70
220 260 10 30 60
830 730 30 20 40
100
340 220 40 30 70
20 730 50 40 70
900 800 10 60 10
0 850 60 10 30
10 900 60 60 70
640 380 10 10 80
700 170 40 30 70
250 370 30 20 40
590 290 20 40 30
450 570 20 30 50
910 470 30 40 50
200 280 60 20 40
730 910 40 20 40
280 570 50 50 80
130 360 10 30 90
450 820 30 40 30
960 570 50 30 20
920 880 50 40 20
110 820 50 60 60
650 20 60 50 40
880 260 20 30 90
480 330 40 20 70
710 480 20 20 60
130 130 40 60 70
730 980 30 40 80
270 930 20 30 30
180 970 40 50 20
370 400 50 50 60
330 820 50 60 70
530 0 20 30 10
280 700 60 40 20
380 310 50 10 10
530 590 60 20 50
990 740 40 20 20
210 620 10 10 70
150 440 10 60 60
380 530 20 20 70
700 240 30 20 50
650 790 10 40 40
50 220 30 20 30
190 330 50 20 40
600 200 20 10 40
730 740 20 50 30
760 880 20 20 10
510 440 30 20 70
740 500 30 40 10
390 200 20 40 30
640 310 10 60 20
330 460 20 20 30
240 10 50 40 30
430 390 50 60 10
500 590 20 40 50
230 720 10 30 20
350 650 20 10 30
460 470 50 20 40
940 960 60 60 50
960 120 20 10 50
500 110 60 20 30
220 540 60 10 40
440 40 40 40 20
80 40 40 20 70
20 780 50 60 90
110 260 60 30 20
750 460 40 10 10
570 220 40 40 30
20 0 30 40 60
470 660 50 10 90
380 50 50 20 10
720 300 20 40 60
160 570 40 50 20
930 780 10 20 40
770 760 10 30 80
880 410 30 20 10
0 620 30 10 60
830 280 20 30 10
190 250 30 20 70
250 170 40 10 80
630 990 20 60 20
330 990 50 50 10
410 610 30 40 10
430 960 30 20 40
420 870 60 10 90
720 630 60 10 60
820 540 60 20 80
360 470 20 10 10
950 480 60 50 50
740 70 60 30 10
990 70 30 50 20
420 760 10 30 60
610 350 10 50 30
630 480 30 40 80
670 350 50 10 20
500 220 20 40 90
280 200 20 20 90
160 30 30 60 10
310 70 20 40 70
910 720 40 30 30
590 720 30 60 30
10 650 60 10 60
940 310 60 50 40
100
700 640 50 20 60
910 960 30 10 60
460 40 20 20 80
580 210 20 50 40
0 660 60 40 10
760 330 50 40 60
360 310 20 60 20
970 830 10 30 80
680 860 60 60 10
800 490 20 10 30
710 0 60 40 60
20 390 60 50 90
580 110 20 50 10
390 760 60 30 20
760 170 10 50 10
100 490 40 30 50
840 90 40 50 70
130 800 10 10 60
80 690 50 30 50
710 750 20 40 30
420 350 30 30 10
480 570 40 10 90
20 920 10 40 70
780 670 40 60 80
70 980 30 50 40
960 460 10 20 10
320 640 30 50 10
450 210 50 60 30
630 0 20 50 50
910 470 20 30 40
990 490 30 30 30
690 420 50 50 60
770 110 20 20 80
390 630 10 10 60
350 710 40 40 40
160 480 60 30 90
240 370 30 40 80
640 300 20 30 10
910 120 20 20 30
50 590 60 10 70
560 470 30 20 10
420 910 10 50 50
270 180 60 20 30
620 790 50 10 90
820 790 30 30 50
90 780 30 20 60
890 170 10 50 40
920 640 40 60 70
260 460 20 10 50
180 870 20 40 30
440 640 30 60 50
100 370 20 20 40
670 480 20 60 10
530 680 50 40 80
520 170 50 40 90
560 0 40 60 90
70 90 60 50 20
620 880 40 50 20
10 490 50 20 50
930 890 40 50 50
470 320 30 10 30
460 80 30 30 80
570 970 50 10 80
940 170 20 40 50
770 800 40 30 60
40 830 60 40 80
150 970 60 40 30
100 410 20 10 90
550 830 10 60 40
240 940 60 40 40
970 570 30 30 80
470 510 60 20 20
200 690 30 30 70
620 60 50 40 40
930 90 10 20 50
880 540 40 30 80
350 410 30 10 30
530 250 10 20 80
250 900 20 20 80
780 190 60 60 50
410 820 10 60 30
840 280 50 20 40
930 710 50 60 10
880 480 10 50 40
620 190 20 40 20
400 40 30 20 50
110 530 60 20 30
300 890 40 40 50
600 490 30 60 80
990 130 30 30 70
80 640 10 40 70
60 890 40 40 90
780 530 20 30 40
280 60 40 30 60
110 630 20 40 70
220 810 50 20 80
630 590 60 20 90
660 180 50 30 70
890 120 10 40 10
860 750 50 10 40
100
560 50 10 10 60
960 950 60 40 80
920 120 50 40 10
920 720 30 60 50
150 10 60 10 20
970 370 40 50 90
370 280 60 30 40
510 440 30 30 10
180 290 20 10 80
260 930 40 50 80
150 900 60 10 10
0 20 30 40 70
410 760 60 50 20
300 400 60 60 20
730 50 10 40 10
90 580 10 40 20
880 800 20 60 10
650 330 50 40 10
940 520 10 30 60
980 660 10 60 60
220 620 40 20 20
730 380 50 60 90
980 750 50 10 70
750 810 10 40 40
80 510 60 10 80
550 100 40 40 90
100 850 40 50 20
820 470 40 40 40
420 590 10 10 70
770 880 40 50 50
950 860 60 60 90
830 410 10 30 10
40 530 50 40 20
20 0 50 10 20
490 900 10 10 70
460 30 40 30 80
520 270 20 40 60
330 690 10 20 40
80 50 60 50 20
0 320 10 10 40
750 490 30 20 90
310 810 20 40 40
830 950 10 60 20
330 560 30 20 40
560 200 50 40 30
110 400 50 40 70
640 860 40 60 50
940 670 30 10 60
620 600 60 10 10
30 210 50 50 80
50 860 20 50 40
550 800 10 30 90
190 760 20 60 40
490 840 30 50 60
880 730 10 10 20
280 900 40 20 10
800 470 10 10 30
440 70 20 10 80
780 560 50 20 30
320 140 10 30 30
280 640 20 60 80
300 100 40 20 40
900 0 60 60 20
70 120 10 50 40
350 90 40 30 50
820 690 10 10 60
960 320 50 40 50
660 130 50 60 50
280 330 50 30 40
400 360 50 10 90
220 260 30 50 30
900 420 30 50 30
850 0 20 30 30
980 450 60 50 90
40 100 20 50 50
680 220 60 30 40
810 590 40 20 40
870 190 50 20 90
230 320 10 20 20
330 190 60 10 50
820 180 40 50 50
140 980 60 20 20
920 510 10 60 80
360 910 40 50 20
80 340 20 40 20
510 510 50 40 20
760 620 20 60 50
570 310 30 10 20
620 200 30 50 80
280 210 40 50 40
450 990 40 60 60
750 270 60 30 90
260 770 10 60 50
460 640 60 10 80
460 140 40 30 60
560 670 30 50 60
670 820 40 30 80
400 120 30 20 50
770 730 50 30 20
310 980 60 50 70
100
920 970 60 30 10
190 320 10 30 90
440 300 50 40 60
390 910 20 10 30
750 840 40 40 40
980 110 30 30 30
530 270 20 30 70
230 640 10 30 10
970 830 30 50 50
640 0 10 20 50
910 360 60 10 80
570 370 30 40 70
550 580 40 60 30
100 910 30 40 20
640 160 20 50 40
710 200 50 30 10
300 280 30 20 40
220 750 50 50 40
560 250 60 20 20
250 270 10 50 80
270 320 60 30 10
400 170 20 10 50
280 400 60 50 60
260 920 30 10 60
700 620 60 40 80
60 910 10 20 60
850 440 60 50 90
970 210 10 20 30
610 510 50 30 20
290 710 10 40 70
760 340 30 40 10
180 700 60 20 80
520 100 20 30 90
210 420 10 20 60
450 900 10 10 40
360 460 10 30 10
840 260 30 20 90
440 430 40 30 70
480 880 50 50 40
700 20 50 60 30
400 290 20 40 50
560 920 60 40 40
10 470 50 30 70
590 890 10 20 30
820 680 10 40 50
820 640 30 10 20
910 590 10 60 30
560 840 50 20 30
400 840 20 40 10
450 370 50 40 90
210 70 20 50 30
450 550 60 60 60
170 820 20 20 60
800 510 60 10 10
990 450 30 50 10
410 930 10 50 70
440 160 20 30 10
800 570 60 60 80
860 850 10 50 80
80 820 20 40 50
150 930 50 30 40
880 170 60 50 20
800 320 40 40 40
70 410 20 10 30
100 170 10 30 70
600 770 40 10 30
260 240 20 10 60
960 260 10 40 80
480 780 60 40 20
570 150 60 20 30
240 460 30 30 50
100 980 30 60 50
210 860 50 20 40
530 710 10 50 40
720 260 20 40 80
380 800 10 60 70
980 730 10 60 50
590 60 40 40 40
910 760 10 50 50
100 150 20 10 10
990 620 10 40 80
80 40 20 60 70
610 460 50 10 10
10 530 10 10 10
120 10 40 10 60
70 120 10 20 30
200 160 60 60 70
20 70 20 20 60
790 180 50 50 90
910 700 60 20 50
40 330 30 40 50
30 680 40 10 80
740 700 20 10 90
830 840 10 40 60
760 920 60 20 50
110 800 50 20 50
900 910 20 20 90
560 470 10 40 70
670 940 60 60 90
350 20 50 10 20
100
780 880 20 50 90
400 680 30 50 50
440 460 40 50 60
340 80 10 20 40
310 620 50 60 60
440 800 10 30 10
620 190 60 60 90
860 250 40 20 90
130 750 30 50 50
20 110 40 10 40
920 350 10 50 30
100 300 50 10 20
710 890 30 30 20
370 460 60 50 30
400 650 30 20 70
570 900 40 60 30
780 340 50 50 20
950 180 60 20 20
860 60 10 10 80
690 590 20 40 20
450 910 50 60 10
250 830 50 60 60
930 910 50 60 20
920 780 20 60 90
150 670 30 30 20
200 870 20 20 90
710 460 50 30 40
340 420 30 10 40
550 30 10 60 10
20 0 50 40 50
880 120 30 60 50
210 190 30 30 40
320 190 60 10 70
300 420 10 40 50
440 200 40 40 10
580 590 10 20 10
520 170 20 60 20
740 130 30 10 60
770 460 50 40 50
490 50 50 10 60
860 640 20 60 90
320 440 10 40 40
260 280 40 40 40
130 390 60 60 10
770 280 40 10 20
520 330 40 40 80
10 890 20 40 50
600 660 60 40 60
180 570 20 20 10
180 100 20 50 20
480 310 30 10 90
320 130 60 30 70
960 210 40 10 20
760 300 50 10 10
800 520 30 20 60
360 580 50 20 10
450 550 20 50 80
780 750 10 20 80
650 720 40 30 70
940 520 60 50 70
60 190 20 20 90
80 30 50 10 40
890 280 10 40 60
180 30 60 10 70
950 40 40 50 20
790 590 10 40 70
580 750 50 40 90
500 220 10 30 20
630 420 20 10 20
380 0 30 60 50
250 640 50 30 50
730 400 40 30 90
340 230 60 40 40
830 590 30 40 10
910 270 20 60 10
10 690 30 40 20
430 0 10 40 60
220 380 30 40 70
260 450 20 50 10
440 370 10 40 90
960 310 40 20 80
90 750 30 30 70
590 820 10 50 40
50 470 30 60 10
320 540 30 20 50
950 780 10 10 50
180 530 20 30 70
510 400 40 40 40
30 140 40 10 20
570 90 10 10 10
70 810 30 40 10
840 530 40 40 40
840 720 60 10 20
610 570 40 10 20
0 160 30 40 20
480 90 20 40 20
330 710 60 50 30
150 330 50 10 40
930 660 60 40 80
150 10 10 30 60
100
630 290 10 40 40
620 40 20 40 10
950 610 10 50 60
800 760 20 30 10
370 430 40 50 40
410 0 50 10 40
730 630 40 50 20
0 370 20 20 90
340 200 40 30 90
90 180 50 30 60
750 750 10 20 50
450 670 40 10 70
860 890 20 40 60
520 510 10 50 70
930 110 60 30 50
910 560 50 40 90
350 380 50 30 60
210 900 20 50 10
0 590 60 20 10
600 840 40 40 60
370 570 50 30 10
210 240 40 60 80
550 250 20 20 70
900 460 40 20 20
660 230 50 40 60
890 230 30 40 80
10 880 30 50 30
480 950 30 10 80
340 650 10 40 90
810 510 30 30 70
810 950 50 20 70
890 740 40 30 80
510 710 30 40 30
580 340 60 40 70
640 110 60 40 10
760 390 10 30 60
710 310 30 30 70
240 880 30 50 50
710 140 60 40 90
800 140 20 50 70
980 380 50 60 90
150 680 60 40 40
370 260 40 20 80
490 130 60 50 80
670 750 20 30 70
220 380 30 40 30
600 630 60 10 10
170 110 10 50 50
450 500 50 50 10
660 550 20 40 60
230 430 60 60 20
670 160 20 50 90
730 600 10 20 40
180 770 60 60 50
950 980 60 10 50
410 180 40 40 50
740 800 20 10 20
590 120 10 40 30
950 780 50 30 30
700 870 30 20 50
900 140 20 20 10
960 920 50 10 10
940 750 20 10 30
460 710 30 10 40
90 30 10 60 50
840 670 60 10 80
950 40 50 50 20
860 710 60 10 70
250 540 30 50 60
840 800 40 60 70
150 340 20 40 20
280 910 60 50 60
530 630 30 20 60
80 540 20 60 60
690 520 40 20 90
410 880 20 60 50
590 220 30 40 10
260 610 40 20 10
470 320 40 50 20
20 510 30 30 10
390 530 10 10 10
310 300 40 60 50
690 370 60 20 10
100 460 40 40 40
380 990 40 20 30
660 290 50 10 10
70 260 40 40 80
930 330 30 50 50
510 780 10 30 10
610 700 30 40 80
200 160 40 30 30
170 870 40 10 80
320 760 50 30 90
380 110 40 50 70
500 980 50 10 20
870 960 20 40 50
30 130 30 60 40
680 0 50 50 60
70 720 10 40 60
380 640 30 50 10
100
810 440 50 50 10
80 790 20 20 80
710 990 30 10 40
210 670 60 50 40
330 140 60 50 10
370 810 20 10 50
190 260 30 40 40
760 780 10 50 50
490 10 40 30 80
690 840 60 50 80
780 50 40 10 20
180 400 20 30 90
690 690 20 10 30
640 870 10 50 60
530 220 40 20 70
350 860 40 20 50
390 90 40 10 20
710 230 40 60 70
500 670 30 50 80
680 380 50 50 20
230 270 30 50 50
50 160 20 40 50
850 990 40 30 10
720 160 20 20 20
0 780 50 30 50
610 110 60 20 80
30 530 10 30 40
580 440 40 60 10
980 740 10 40 20
90 290 30 30 60
500 380 30 20 80
770 840 50 60 30
110 490 50 40 40
720 600 10 50 20
420 310 30 30 20
700 120 60 30 10
190 580 40 60 20
920 590 50 10 40
980 380 20 30 10
460 520 20 10 90
760 500 20 20 80
370 930 60 30 40
190 480 60 10 50
350 0 60 40 50
980 40 60 20 20
920 0 40 20 30
480 550 10 30 80
810 760 40 50 70
80 160 50 10 70
240 980 50 20 30
910 160 20 40 40
780 200 60 20 70
40 10 40 40 80
310 660 60 10 70
720 330 40 40 60
880 430 50 10 90
80 590 10 60 30
490 770 30 30 90
200 520 60 50 10
50 980 30 50 10
450 880 50 30 80
920 950 40 30 40
620 560 60 40 30
50 430 30 50 30
490 260 50 60 40
800 20 30 20 80
450 730 50 10 20
570 80 10 20 50
570 850 10 40 50
310 590 60 50 40
140 170 50 60 20
50 710 20 30 90
0 850 50 50 10
910 270 10 10 50
540 640 30 40 20
190 880 50 60 80
880 930 40 10 40
490 60 20 20 70
210 130 10 20 20
20 710 20 50 50
150 120 40 30 40
150 540 40 30 40
10 290 20 30 80
850 160 20 30 50
580 810 10 10 20
130 440 10 20 20
290 430 40 60 90
350 420 50 20 20
910 640 40 60 20
520 990 20 10 80
370 200 50 20 50
10 90 10 40 90
40 320 20 20 40
40 100 60 10 60
880 330 20 50 20
810 960 40 10 70
810 70 10 10 40
460 90 60 30 40
530 450 40 10 50
320 960 40 30 90
100
670 860 60 10 50
310 650 10 10 50
720 150 50 50 40
410 950 50 10 80
340 390 20 10 60
990 770 40 60 80
30 300 30 10 40
930 750 40 50 50
870 380 20 10 30
890 470 20 40 60
20 940 10 20 10
670 210 50 20 20
620 210 40 10 30
890 10 10 30 70
470 310 10 50 40
380 680 60 40 30
490 640 20 40 80
260 180 10 10 40
270 710 40 50 80
830 670 50 60 10
530 300 30 40 10
800 30 50 40 60
70 150 20 20 70
160 550 60 20 60
230 520 30 50 30
150 640 60 60 50
70 500 50 30 20
890 300 20 50 90
830 750 10 10 10
790 290 40 40 50
230 880 10 40 70
360 730 30 30 70
820 410 20 40 90
350 500 20 40 20
180 360 60 20 50
990 90 50 40 70
340 820 40 30 40
320 760 10 40 10
430 410 40 40 90
790 830 20 50 20
970 970 10 40 40
570 930 10 50 60
250 580 10 50 60
180 210 10 50 80
10 590 50 30 40
840 160 10 10 80
400 50 50 40 60
140 130 40 20 80
90 450 40 10 30
390 170 60 10 50
180 950 50 20 10
460 670 10 20 30
730 370 30 20 60
520 770 20 10 90
490 440 10 30 50
600 520 40 20 80
700 350 30 10 70
0 310 20 20 90
690 700 20 50 10
380 520 50 50 60
900 650 50 50 80
600 490 40 10 80
80 20 60 60 70
450 370 30 30 10
440 270 50 10 90
560 600 20 10 30
470 730 50 10 90
600 250 30 20 90
660 60 40 10 40
630 600 50 30 70
670 890 20 60 10
810 210 40 30 40
930 20 60 40 40
700 320 20 10 30
280 670 50 10 20
50 880 30 40 30
800 490 20 50 20
670 490 30 60 50
780 220 20 40 30
770 970 40 30 10
750 430 60 20 90
220 980 30 40 70
660 330 20 40 80
180 420 50 50 80
860 470 20 50 60
230 30 40 50 60
930 480 20 20 50
670 280 10 30 10
860 360 30 10 20
130 340 20 50 10
840 960 50 50 10
810 90 30 20 30
200 20 20 60 70
300 410 10 40 80
670 450 50 30 10
270 310 50 40 50
940 860 40 20 80
210 490 20 20 20
400 360 10 10 10
640 20 60 10 20
100
530 270 50 60 50
30 510 20 30 60
730 310 20 20 30
630 30 60 40 70
480 750 30 40 50
320 590 60 20 90
100 720 20 60 60
680 930 10 60 30
630 700 40 50 90
960 440 60 60 10
720 390 50 10 90
300 440 40 20 60
450 280 30 50 20
920 360 10 60 40
440 630 10 10 50
10 40 60 10 90
910 730 30 50 80
250 0 20 50 20
930 210 30 20 90
660 210 20 50 20
290 680 30 20 70
310 100 30 40 80
290 900 50 40 70
990 530 60 30 80
780 140 10 10 90
250 660 20 10 40
480 400 10 60 60
700 150 50 10 80
380 280 40 20 70
390 50 60 30 20
830 700 50 10 80
110 480 20 10 30
790 830 30 30 90
280 950 30 60 30
430 380 40 60 60
300 390 50 20 80
820 40 40 40 10
340 710 40 40 80
860 340 50 30 80
650 620 50 10 60
650 860 60 30 10
710 190 10 20 80
170 600 40 50 20
170 130 20 20 70
730 830 40 40 20
640 320 30 50 60
190 940 20 50 60
160 160 50 50 30
560 890 30 50 10
90 540 60 40 20
110 300 30 40 10
60 710 10 20 40
600 90 40 30 80
850 980 50 20 80
180 60 40 20 50
930 650 40 60 60
550 160 10 40 10
890 840 40 20 90
140 660 30 50 80
130 940 50 20 60
800 410 10 50 50
300 480 30 60 90
760 0 40 10 80
500 980 30 10 40
50 170 20 50 50
900 570 60 10 30
360 370 50 50 30
620 10 50 10 80
650 840 60 10 80
330 210 10 40 90
520 560 40 30 60
800 760 10 40 50
240 220 30 60 30
360 680 10 20 10
120 900 60 10 10
760 430 20 50 10
270 620 40 20 30
60 870 40 30 70
790 590 10 20 80
290 270 30 50 70
910 530 40 10 50
680 470 30 10 30
210 490 30 50 20
940 350 60 20 60
660 770 20 30 90
510 140 30 60 30
280 550 30 50 20
840 400 60 20 80
920 870 10 30 70
430 120 40 10 70
620 430 20 10 20
480 890 40 30 10
430 710 50 30 20
200 250 10 20 70
540 980 20 50 10
870 910 50 60 20
950 870 10 40 60
580 480 30 30 50
700 720 60 50 80
920 990 40 20 60
100
890 680 10 50 40
250 370 10 20 60
740 980 40 50 80
600 220 20 20 40
60 70 10 30 30
810 310 10 50 30
730 680 60 60 40
360 90 50 30 30
370 190 20 60 10
90 560 20 20 80
630 380 60 50 80
170 540 10 20 40
370 0 10 30 80
380 700 60 10 20
230 490 30 40 50
370 610 10 40 90
860 230 20 50 90
90 950 40 20 30
860 560 20 60 90
70 270 40 10 40
780 240 60 10 70
340 510 30 30 20
290 220 30 40 10
180 710 30 30 60
270 760 50 20 90
490 510 30 60 80
530 150 10 60 70
110 220 30 10 10
350 260 50 50 70
650 540 60 30 70
820 880 20 20 70
120 780 60 20 70
660 340 60 10 40
960 490 50 50 30
360 130 30 40 40
190 30 30 10 30
60 770 40 60 90
30 930 30 50 70
700 100 50 20 60
220 800 50 20 40
380 840 50 60 70
810 700 50 20 40
360 920 40 20 10
160 410 60 60 60
190 290 20 60 10
530 110 30 20 30
830 590 20 30 80
780 500 60 20 50
60 410 50 20 40
130 90 10 40 30
420 350 60 50 70
680 30 20 60 30
270 690 20 10 10
700 810 50 10 40
670 260 30 50 80
870 370 60 10 30
190 880 60 60 50
800 270 20 10 30
510 600 20 60 40
990 760 40 10 50
440 20 60 30 20
550 820 50 50 90
140 990 50 20 90
890 880 40 30 10
0 900 10 60 30
370 790 50 20 60
730 340 40 30 60
490 150 30 10 10
960 760 20 10 60
530 220 40 30 50
530 720 20 20 90
830 50 20 30 50
170 610 10 30 60
660 980 60 20 40
330 750 10 40 10
970 440 10 20 80
660 140 50 30 50
660 60 10 30 70
290 650 20 30 10
950 0 10 50 30
420 140 60 30 70
50 450 20 20 70
40 850 60 50 20
310 450 20 20 90
960 600 40 20 90
170 210 20 10 70
950 210 10 10 40
250 0 50 30 20
370 410 30 40 60
780 380 50 10 10
730 500 10 20 30
400 550 60 20 50
880 200 20 10 10
140 180 60 10 50
520 930 50 50 10
420 970 10 50 70
320 880 40 20 20
230 600 20 20 80
10 570 20 10 90
460 300 30 20 50
100
750 90 60 30 30
470 730 30 10 70
750 640 60 30 30
50 890 30 60 10
630 370 50 20 90
280 20 50 30 60
850 120 50 50 60
10 230 30 30 30
80 140 60 10 50
190 120 30 50 10
450 300 30 20 60
460 540 40 20 90
660 870 10 10 30
320 90 30 20 20
920 390 20 30 10
380 790 30 60 10
950 310 40 40 60
520 720 40 40 60
510 230 30 40 30
750 920 30 20 20
510 100 40 50 40
600 190 20 60 10
280 930 30 60 50
460 20 40 50 20
780 340 20 20 20
380 260 60 50 20
320 680 40 40 30
520 340 30 50 60
110 210 40 50 10
850 540 30 10 80
520 910 50 60 90
690 250 10 40 10
960 390 50 30 20
360 470 30 10 30
370 870 50 50 10
400 320 40 10 20
960 60 40 50 40
140 430 60 60 20
10 590 30 60 10
630 820 20 10 80
840 430 20 30 50
360 360 40 60 10
10 660 10 60 70
250 60 10 20 10
620 470 10 50 50
890 640 60 10 10
460 420 30 10 40
50 280 30 40 20
580 270 40 40 10
90 520 50 10 60
750 490 10 10 50
380 640 40 30 30
280 700 30 40 40
690 200 30 30 30
970 150 50 60 30
280 370 60 60 80
230 490 60 30 20
70 680 60 30 40
200 960 40 50 10
430 520 20 50 90
500 800 10 20 80
390 520 10 30 40
950 570 60 60 90
60 0 40 60 50
780 420 30 30 40
940 430 30 30 10
440 860 10 60 60
830 340 60 30 80
940 850 10 50 20
510 530 40 10 90
990 940 30 30 30
790 260 20 50 70
530 650 10 20 60
910 830 40 10 30
100 970 10 30 20
620 970 50 40 20
430 610 20 10 10
130 980 60 40 60
490 910 20 10 80
820 100 10 50 60
100 820 40 10 50
270 530 30 40 60
170 360 60 60 30
690 640 20 50 40
910 870 10 40 90
70 580 60 60 80
440 950 60 10 70
760 170 30 60 70
990 790 50 50 80
200 340 50 10 40
230 100 20 50 80
780 800 40 40 60
100 500 10 10 50
400 680 10 60 50
430 780 50 10 40
940 660 60 10 60
510 890 50 10 90
630 590 50 30 60
490 460 30 60 70
830 280 60 40 60
100
960 920 40 10 70
910 950 60 40 90
270 960 20 30 30
970 260 10 60 40
270 470 50 10 90
740 440 20 40 70
570 530 40 10 60
330 990 40 20 60
510 580 40 50 10
860 760 20 60 60
690 140 10 30 20
30 140 40 20 70
300 770 20 60 80
890 280 60 40 60
460 20 20 10 80
220 900 40 40 70
200 220 60 20 60
70 340 50 50 50
480 970 20 50 90
180 620 20 10 20
800 500 10 60 50
960 210 30 40 70
210 750 60 10 10
600 210 30 30 80
940 850 60 20 60
790 450 20 10 50
330 810 60 30 80
530 450 10 60 10
760 180 50 50 30
810 340 40 20 70
420 160 40 20 40
160 80 60 30 10
390 690 60 30 20
710 920 40 50 90
650 490 10 30 30
400 230 40 60 50
300 350 40 60 60
60 40 50 60 40
570 600 40 40 10
900 60 20 30 90
710 790 30 30 70
0 400 50 50 40
150 530 50 20 30
470 560 50 10 50
840 730 10 40 40
140 400 30 30 90
220 270 10 60 50
320 420 10 10 60
610 860 20 50 40
690 880 50 10 30
670 590 30 30 40
920 420 10 20 20
370 920 10 10 10
70 630 60 20 40
860 20 30 10 80
100 570 60 10 80
130 480 50 20 60
290 510 60 40 50
810 760 10 50 80
0 510 40 30 10
870 150 40 50 80
390 60 20 20 70
850 950 50 10 60
230 400 40 40 10
740 600 40 30 10
30 580 10 30 80
0 990 40 40 60
660 390 20 20 70
280 910 60 40 10
970 550 50 10 90
520 830 10 20 30
180 680 30 50 40
70 410 50 20 70
540 930 20 40 30
580 40 60 40 70
420 790 30 60 50
900 10 60 40 40
320 80 30 40 70
90 770 10 60 10
570 810 10 30 40
510 750 30 60 40
390 430 10 10 40
930 160 10 50 30
180 880 10 20 80
120 900 40 20 40
960 730 10 30 60
460 580 10 10 50
900 490 50 60 80
650 620 10 50 60
650 900 10 40 10
550 880 20 20 20
500 510 10 20 70
420 300 60 30 50
880 390 50 10 60
390 200 40 20 70
730 840 50 30 40
850 990 10 30 30
110 190 50 40 70
480 360 40 20 70
990 100 50 40 70
100
320 340 20 30 20
630 820 50 60 50
780 120 20 40 30
430 950 20 40 50
840 280 30 30 70
230 150 30 20 50
190 490 60 40 90
990 130 50 50 10
240 550 20 30 10
460 860 10 50 40
570 580 50 60 90
370 220 10 50 40
640 930 60 40 40
820 510 40 40 30
920 260 10 60 10
550 520 40 20 50
140 300 20 10 80
730 850 20 20 50
610 920 20 30 70
550 390 10 50 40
0 240 60 40 50
380 150 10 10 80
510 270 10 50 30
930 550 20 20 80
520 450 50 40 20
80 530 30 60 20
890 330 20 10 50
50 140 60 20 40
770 840 20 40 70
650 90 20 30 60
340 470 10 50 40
290 630 50 40 60
230 670 20 60 90
570 40 10 30 30
450 260 10 50 80
860 400 60 10 80
690 0 50 30 60
450 690 20 50 70
150 240 50 20 70
0 640 10 10 40
830 980 50 50 10
590 320 30 60 10
630 560 10 30 10
380 20 50 10 20
520 110 60 40 30
260 360 20 10 20
490 370 10 40 80
230 210 10 10 30
680 370 30 60 40
590 170 10 10 90
100 850 20 50 70
240 20 60 20 10
460 750 30 40 80
500 900 40 30 20
650 640 50 20 40
370 980 50 30 20
990 870 60 30 50
720 830 40 10 50
290 130 10 10 40
350 400 30 10 80
120 160 30 50 30
980 50 50 10 50
170 390 50 20 40
610 10 40 20 50
470 650 40 20 70
130 460 10 50 60
550 880 20 30 40
780 980 30 30 30
810 590 50 30 10
990 980 40 40 30
380 720 50 40 50
370 70 30 40 40
750 350 30 10 80
60 740 20 50 30
800 170 30 20 70
900 920 10 20 30
420 800 40 10 70
10 340 40 10 60
810 130 10 30 30
320 900 30 20 50
940 670 60 30 40
260 250 40 30 70
780 280 40 60 90
720 220 50 10 50
20 580 20 30 60
170 350 20 10 80
630 370 10 10 70
750 920 10 30 80
960 70 10 50 30
350 550 50 40 90
110 290 20 10 40
40 910 30 10 30
200 70 30 20 80
190 820 60 10 40
800 470 30 20 60
510 580 30 30 10
820 660 60 50 70
150 700 10 40 20
320 810 30 20 60
140 530 20 20 10
100
180 750 40 20 10
350 680 40 50 60
290 280 40 40 30
390 130 10 20 20
910 580 40 50 90
210 850 40 50 40
310 940 10 60 20
150 270 60 50 10
460 10 20 10 60
560 440 50 40 70
920 520 20 40 30
460 60 30 40 90
670 720 20 40 50
260 20 30 40 10
50 120 40 50 70
220 690 20 40 30
510 690 10 40 40
510 110 40 60 70
840 10 20 20 60
310 360 50 60 20
70 190 20 10 80
700 590 60 20 60
630 700 20 10 50
420 880 30 50 20
40 980 40 50 80
690 170 60 40 80
460 600 10 50 70
890 430 20 60 60
840 470 30 10 50
800 490 30 20 20
580 310 10 10 10
970 840 20 60 40
660 30 30 60 80
130 790 30 30 80
860 270 30 20 50
500 840 60 40 90
860 860 30 30 80
330 480 40 50 90
790 320 50 40 90
650 590 40 30 70
80 700 10 60 90
460 770 50 60 20
570 250 40 20 90
560 640 40 50 50
340 590 50 10 30
750 670 60 30 20
770 110 10 40 10
240 100 20 60 30
240 410 60 50 20
970 530 50 60 20
70 610 20 20 20
910 870 50 50 10
900 790 60 50 70
260 680 20 60 50
440 70 10 50 30
300 90 50 40 70
0 110 40 50 60
260 610 30 10 40
510 940 10 30 60
860 750 30 10 70
90 340 30 50 90
610 0 10 10 10
480 600 60 40 10
650 490 60 10 60
600 880 10 30 90
450 520 20 60 40
170 980 10 20 70
670 810 50 50 90
0 50 20 10 50
240 620 10 40 50
190 170 50 60 90
720 900 30 50 40
870 80 10 30 60
740 320 20 10 50
660 190 20 40 80
360 930 30 40 60
910 410 10 10 70
720 10 20 30 70
750 230 10 60 30
710 780 10 20 30
270 560 20 30 20
890 110 60 60 30
580 550 10 50 40
380 30 10 30 40
590 410 10 10 50
370 870 10 20 10
50 490 30 20 60
630 910 10 50 90
50 920 50 40 30
110 830 60 50 40
400 650 20 50 60
410 80 10 20 50
250 210 20 10 10
510 190 10 20 70
260 520 50 30 80
400 900 10 50 10
240 240 20 20 50
120 180 40 10 80
490 440 50 40 20
780 890 30 10 20
100
30 160 30 40 90
70 30 30 10 60
290 940 30 10 30
340 800 50 60 40
970 370 20 10 60
660 50 50 50 20
900 860 20 20 50
280 390 30 40 40
120 930 30 40 10
620 950 60 30 80
200 390 20 40 50
880 180 40 40 10
690 520 60 60 80
310 270 20 50 90
650 920 60 10 50
910 630 30 50 10
370 970 30 40 50
940 520 50 30 20
670 180 50 40 20
520 860 30 50 60
370 410 40 20 40
120 160 10 40 90
110 0 60 40 60
390 490 20 10 90
310 730 20 60 30
340 510 10 50 30
800 170 50 30 40
120 520 40 20 20
510 290 10 30 80
780 810 30 60 80
880 830 50 10 60
70 820 50 50 20
230 880 50 50 10
880 340 30 10 70
200 810 40 40 70
450 860 10 10 40
30 880 50 50 70
890 650 10 20 70
810 460 40 30 10
270 840 60 20 90
220 640 60 30 70
830 260 60 40 90
500 600 10 40 80
780 360 20 20 70
490 420 40 30 80
270 180 10 20 80
20 80 30 50 80
930 320 30 10 80
990 910 50 40 20
540 90 40 10 40
400 340 40 40 50
440 540 40 60 40
830 820 40 40 40
730 50 40 20 20
950 680 30 40 20
10 20 50 40 90
120 90 60 50 90
750 410 10 30 30
730 320 10 30 80
10 940 10 30 50
240 490 40 10 20
520 120 20 30 90
720 670 10 50 20
600 20 40 10 10
790 670 10 10 10
100 200 10 30 40
780 70 30 50 70
620 500 60 60 20
20 710 60 10 50
560 790 50 50 30
930 0 50 50 10
410 770 50 10 50
70 240 10 30 70
880 950 30 50 70
570 970 40 30 70
120 330 10 60 50
380 90 50 60 80
570 420 50 10 80
160 750 30 20 70
830 770 50 40 40
80 400 20 60 30
50 480 50 50 60
380 950 40 10 50
210 80 10 60 50
260 290 30 50 40
630 380 40 20 30
770 140 20 30 70
90 600 50 20 50
270 260 20 20 10
480 660 60 50 10
580 870 40 30 10
330 400 30 60 80
410 190 30 50 60
50 670 30 20 50
670 650 60 10 40
310 20 40 20 30
430 280 40 20 40
790 510 30 30 60
50 210 30 20 80
300 230 50 20 80
100
900 580 20 60 90
800 900 40 30 70
310 610 30 20 30
810 490 40 40 50
570 200 10 10 40
670 290 30 30 50
50 340 10 20 30
990 70 10 40 40
900 970 10 20 20
290 110 40 60 70
180 440 60 20 40
310 880 50 50 30
210 830 50 20 10
930 280 20 10 90
590 0 60 40 30
60 920 30 50 80
150 890 20 10 10
670 420 60 30 20
130 930 20 20 10
130 900 10 10 50
230 890 50 30 10
840 130 30 50 50
620 150 20 40 20
80 780 10 20 10
130 410 60 20 50
520 510 40 60 30
430 200 10 20 70
150 10 50 40 80
350 190 60 40 80
150 600 40 20 80
770 240 10 30 20
320 810 30 30 90
70 630 10 60 20
850 230 30 60 70
250 0 30 60 30
250 610 40 40 40
190 330 40 20 70
790 590 40 20 10
520 270 50 40 20
910 380 30 20 30
490 780 10 10 40
400 320 50 60 60
380 770 20 60 90
250 440 20 60 90
420 880 30 50 20
600 980 50 60 50
620 710 50 20 70
380 680 30 40 60
460 830 10 50 80
20 140 50 30 90
640 360 60 30 60
600 830 30 10 40
950 550 20 10 30
30 20 30 50 40
380 580 30 30 30
240 780 10 30 50
310 70 60 20 50
560 830 30 60 90
740 860 30 60 80
750 10 60 20 70
310 550 20 50 90
530 980 50 40 40
210 970 30 10 20
980 680 10 20 60
940 80 30 30 10
790 550 60 10 30
790 640 20 30 30
670 690 20 10 80
470 130 40 40 50
100 440 40 40 80
610 910 10 50 20
390 490 50 20 60
90 280 20 40 80
100 860 20 10 60
500 420 20 50 30
310 240 10 40 50
430 650 30 40 80
730 980 50 60 50
160 330 20 40 90
990 420 60 30 40
470 220 20 30 80
670 520 40 60 20
90 680 20 50 60
880 880 60 50 30
250 670 50 20 60
420 700 50 50 10
570 370 40 20 30
800 330 10 60 10
600 680 10 40 60
690 610 60 30 80
650 820 60 20 10
490 900 50 40 40
60 450 10 60 90
410 80 30 30 40
520 670 30 60 90
320 470 60 20 30
370 250 50 30 20
610 250 40 30 70
110 180 60 40 10
480 90 40 30 30
100
420 750 10 40 10
930 980 60 20 10
510 510 50 50 10
970 310 10 20 40
580 590 20 50 20
740 190 40 30 60
490 820 20 40 50
370 500 30 20 70
450 740 20 20 50
360 250 50 30 50
250 70 10 40 80
230 280 10 50 70
630 290 40 60 80
950 340 30 30 60
130 860 20 30 20
820 770 30 40 30
830 900 30 60 50
410 910 20 60 80
80 880 20 30 30
800 590 10 10 10
280 950 50 50 60
50 510 40 30 40
950 600 40 50 80
430 100 50 40 10
680 740 60 60 20
200 700 50 30 80
800 630 50 40 30
380 640 50 60 10
220 840 40 50 50
530 170 40 20 80
670 10 40 40 90
760 790 40 40 20
450 360 50 20 90
80 620 40 60 50
640 130 30 20 80
890 820 10 40 20
870 220 20 30 80
80 210 40 50 70
560 350 50 60 60
540 820 30 40 40
630 460 40 50 90
390 890 10 10 60
890 760 50 10 30
200 140 60 20 80
440 810 20 10 70
620 900 40 50 90
260 640 50 10 70
60 720 10 40 10
370 540 10 10 10
780 720 60 30 50
870 700 10 40 70
280 910 60 30 50
950 790 10 60 90
120 750 40 10 20
70 960 60 20 50
660 980 10 50 60
540 200 60 30 10
490 920 60 40 90
850 440 50 50 60
270 410 40 30 10
350 190 60 20 20
980 820 10 60 40
870 500 30 40 30
750 910 10 10 10
400 410 20 20 70
400 310 40 30 20
950 480 50 10 20
900 250 30 40 90
900 200 50 10 50
0 30 40 50 10
670 540 60 20 70
930 610 10 50 40
510 700 40 20 80
430 980 60 60 70
30 620 20 10 90
30 560 20 10 50
970 950 10 10 70
530 610 30 10 90
680 130 20 40 10
0 670 50 20 70
90 420 40 40 60
450 870 60 20 60
800 370 20 40 70
790 860 20 20 40
290 570 10 30 70
160 770 50 10 50
590 820 30 60 20
140 340 20 10 50
720 10 30 10 80
120 800 60 50 80
0 840 30 60 40
840 130 50 10 20
70 550 40 20 50
380 760 30 50 70
710 600 60 30 70
110 580 30 30 20
170 230 60 30 80
130 620 50 30 40
680 590 20 20 90
990 260 50 60 60
100
780 660 60 60 50
150 840 40 40 10
510 170 50 20 10
920 480 30 60 10
700 390 20 30 40
90 250 10 60 20
510 120 10 10 70
130 670 60 60 90
920 770 30 20 60
550 450 40 10 10
950 730 30 20 20
860 290 30 60 30
650 400 30 50 60
60 830 20 60 70
210 830 30 50 20
130 220 40 50 30
680 630 60 20 80
190 40 10 40 90
400 310 30 50 10
910 860 60 10 70
540 360 40 10 10
740 140 20 20 80
530 10 30 40 20
300 730 20 30 40
700 440 40 40 60
280 100 60 60 20
10 630 20 20 90
470 610 10 20 20
780 870 40 20 40
190 570 40 10 50
640 170 10 60 50
60 990 20 10 50
680 200 20 50 40
430 610 20 10 90
20 100 50 20 20
320 950 30 50 70
50 390 60 30 30
740 180 10 20 40
400 170 20 60 20
480 140 20 60 80
920 920 20 50 30
480 50 10 20 60
820 60 50 60 30
490 480 30 50 40
280 650 20 40 50
710 950 40 20 40
720 850 50 60 80
270 540 30 50 20
990 20 60 50 90
530 830 20 30 80
540 630 30 60 40
490 640 20 10 80
710 20 30 60 40
190 460 10 40 40
430 50 10 50 10
20 220 60 20 80
330 270 20 40 70
790 360 50 10 30
160 350 50 20 90
110 610 60 10 40
200 620 40 60 80
890 150 10 40 30
40 750 60 10 90
270 70 60 20 10
330 670 10 10 90
580 510 10 30 80
120 790 40 10 80
440 350 30 60 90
840 790 60 60 20
660 710 40 40 60
450 960 40 10 20
540 880 60 10 10
800 490 30 20 50
380 80 20 20 90
340 450 40 10 60
510 960 30 30 10
990 160 40 20 40
570 760 20 20 70
820 600 20 20 60
820 20 20 10 50
420 480 30 60 30
970 920 30 40 20
820 150 60 10 40
630 780 20 60 90
720 690 40 10 80
750 560 20 20 50
320 350 50 30 30
280 210 50 50 20
20 700 40 10 10
630 900 10 60 50
470 310 30 20 50
20 770 10 60 90
890 610 30 60 50
840 390 50 20 70
490 600 10 20 40
920 980 50 50 60
920 260 10 40 30
630 480 60 10 40
330 870 50 10 20
310 500 40 30 10
100
130 70 20 20 40
870 690 60 30 70
510 320 40 60 60
370 150 10 40 70
710 170 50 40 60
170 90 60 10 20
190 180 20 30 50
650 230 10 40 60
820 110 60 30 90
480 800 10 40 40
860 340 40 40 80
170 700 60 10 70
120 290 60 30 60
380 20 60 40 60
700 910 40 50 50
940 690 60 30 30
730 670 60 50 80
690 800 10 40 20
730 0 20 40 50
0 180 50 60 70
0 610 30 60 30
130 630 10 20 30
260 940 20 30 60
800 270 50 50 80
280 340 10 50 60
160 750 50 60 60
440 940 20 50 90
530 930 40 40 20
790 880 10 10 40
660 870 40 30 60
440 670 60 40 40
820 710 40 10 50
480 610 30 10 30
570 800 10 40 80
310 540 30 20 10
400 810 50 60 90
200 470 30 40 50
730 220 20 60 80
170 330 20 60 40
910 250 60 20 50
40 110 20 50 10
190 220 60 60 20
190 40 60 30 90
840 670 20 10 60
340 700 30 40 50
480 730 50 30 60
490 250 10 50 30
630 430 20 30 10
300 410 10 10 80
570 890 40 10 30
860 530 50 10 10
230 0 10 30 10
730 470 30 20 60
720 130 20 20 10
660 150 40 30 30
570 680 10 40 10
170 460 10 20 40
640 960 50 10 30
390 390 20 60 90
520 550 20 30 10
490 470 60 20 50
410 890 60 40 80
800 170 30 10 60
410 510 50 10 10
680 40 10 40 40
670 720 10 10 30
670 430 10 40 10
970 380 20 30 50
920 790 10 40 90
380 460 40 40 10
0 850 40 10 40
320 900 20 20 60
420 540 50 20 50
170 570 30 30 90
970 620 20 40 50
580 740 50 40 20
800 750 50 50 60
300 200 10 10 50
630 170 10 10 60
920 30 20 20 60
760 620 30 40 70
220 140 30 60 70
460 110 60 50 30
620 210 20 10 20
320 410 50 10 60
180 680 30 10 40
800 560 60 50 50
890 60 10 50 40
420 290 20 50 50
130 450 10 60 60
90 830 40 60 70
550 590 10 50 70
920 950 40 40 60
70 680 30 40 60
590 390 60 20 10
690 10 10 20 60
640 310 20 10 90
560 100 20 30 40
860 410 60 50 50
70 500 40 10 70
100
990 990 60 40 80
90 60 50 20 30
530 490 40 30 10
340 840 60 50 40
790 490 60 30 80
160 810 10 10 10
820 150 60 50 70
840 890 50 40 10
70 110 40 40 50
620 920 30 40 70
790 320 20 50 70
50 840 40 20 10
540 10 10 40 80
900 390 50 50 90
780 770 10 30 40
980 790 50 20 50
550 220 20 10 40
330 640 30 30 20
240 390 40 60 10
560 740 60 40 10
240 270 10 40 30
550 920 60 60 10
320 220 50 50 70
870 0 10 30 90
200 20 50 10 70
50 870 50 60 70
720 300 60 30 10
690 270 10 50 70
30 990 50 50 10
440 530 30 30 40
230 630 50 40 90
530 660 50 20 60
990 250 40 10 10
370 90 10 10 80
110 570 30 40 90
540 60 10 30 30
600 590 50 20 60
810 600 50 60 70
290 720 20 60 30
590 440 20 40 80
610 280 50 60 80
120 850 20 60 70
40 470 50 30 50
190 650 20 30 50
420 30 60 50 60
810 830 50 20 80
360 410 50 40 30
440 700 50 10 10
220 330 50 30 70
260 820 50 20 60
130 230 30 50 50
350 170 60 10 80
230 520 40 10 60
600 230 10 20 60
770 590 30 40 80
580 70 50 10 80
680 40 40 50 40
820 740 10 50 70
320 600 10 30 10
580 20 10 20 70
210 230 10 20 90
700 920 30 30 30
740 110 50 40 80
470 260 20 40 50
970 10 10 10 40
310 350 40 30 70
840 730 40 40 30
450 150 20 60 80
430 360 10 50 90
600 660 60 40 80
360 960 10 10 30
840 670 30 30 70
840 300 30 30 90
910 330 20 10 10
480 420 20 40 50
510 490 10 60 90
790 700 20 20 20
180 910 10 20 80
950 180 10 10 20
30 350 50 20 10
200 760 30 30 60
500 880 20 40 20
70 580 20 20 70
510 410 10 20 30
330 330 40 10 60
970 590 50 20 30
100 800 20 30 40
320 440 10 40 70
740 160 10 50 50
380 670 30 50 80
120 720 30 60 10
700 990 60 60 40
270 190 50 20 80
480 930 60 20 90
50 660 40 40 40
170 560 40 10 50
490 170 40 40 70
380 0 50 20 30
590 500 60 20 20
540 430 10 30 70
100
350 900 50 30 30
810 920 40 30 40
40 650 60 60 10
300 20 50 30 10
860 790 10 20 60
140 510 30 50 30
930 100 20 50 50
480 530 30 10 10
790 60 40 50 10
710 10 10 30 50
120 240 20 20 50
870 350 10 20 10
320 150 20 40 80
410 940 10 10 60
120 790 50 20 20
140 290 30 30 50
920 290 60 60 50
950 260 40 10 80
530 870 50 60 10
640 90 20 20 30
400 460 40 50 80
60 740 20 60 70
680 870 60 30 10
750 870 60 40 80
940 450 20 60 40
610 560 40 60 80
780 260 30 30 10
230 410 50 30 40
510 100 20 30 50
240 220 20 10 80
140 90 20 20 10
690 940 40 20 80
470 0 10 50 40
100 480 40 20 90
10 560 20 30 70
990 480 50 20 80
530 760 50 20 70
180 810 20 30 20
10 350 40 50 60
450 660 40 20 10
730 770 60 60 40
710 440 10 30 70
900 710 20 10 50
470 220 10 10 10
950 530 20 10 10
70 10 50 20 20
240 150 30 40 40
140 40 40 20 20
640 830 50 30 10
510 180 10 10 10
870 20 40 20 20
550 260 10 20 50
290 520 50 50 10
20 910 10 40 10
290 250 60 10 60
980 550 50 60 60
840 240 50 40 10
800 530 60 60 20
20 240 30 60 30
450 630 50 10 90
110 570 10 10 50
230 50 50 40 10
920 590 30 50 30
500 720 60 30 60
370 320 60 30 90
340 590 40 50 60
230 860 40 60 20
450 250 40 60 60
980 770 20 30 50
440 980 20 20 40
770 700 50 50 20
750 30 50 20 70
730 450 50 20 30
340 270 10 40 70
530 990 50 50 30
220 690 20 10 90
910 380 30 30 40
130 150 10 30 20
490 940 20 20 20
390 220 40 30 20
490 110 10 10 60
840 0 10 50 80
260 310 50 30 60
920 170 30 60 50
520 240 50 10 60
890 60 10 20 20
890 850 50 10 70
590 230 60 10 10
370 540 20 10 60
920 990 50 10 20
670 980 50 30 90
960 60 40 60 10
540 830 50 30 90
750 120 60 40 60
870 140 40 30 90
630 50 20 20 10
790 420 30 40 80
300 360 10 20 90
560 140 60 10 30
390 0 30 60 40
100
710 810 40 20 20
530 280 20 20 40
50 810 50 10 10
260 710 30 10 70
440 100 50 10 30
620 230 40 30 20
50 60 60 40 30
160 180 40 30 50
10 540 20 60 60
310 90 20 50 30
10 190 30 50 40
680 440 40 20 80
690 270 60 40 90
140 800 10 50 30
550 730 60 50 60
400 150 50 50 90
920 700 10 20 50
430 960 60 10 20
740 690 30 40 40
380 720 10 30 50
440 30 20 20 80
920 340 10 10 60
600 450 40 40 50
780 300 10 20 90
490 620 40 40 10
0 10 10 10 40
860 780 10 10 10
930 510 40 40 20
640 890 60 50 90
330 210 60 10 80
810 530 60 20 50
700 90 20 50 20
350 680 40 10 30
790 750 60 10 60
460 0 40 20 20
190 80 30 40 80
580 870 40 20 80
740 10 40 40 10
280 380 50 60 10
180 290 10 50 60
530 150 30 10 40
300 780 30 60 40
440 230 50 20 10
850 380 30 60 20
970 80 30 50 90
70 830 60 50 40
920 230 10 20 20
550 810 20 10 50
770 540 10 20 50
880 180 20 20 50
830 170 30 10 20
180 770 50 60 40
240 770 40 40 10
440 690 40 60 70
800 810 50 10 20
980 170 20 50 40
620 600 40 20 20
610 340 60 30 20
450 890 60 10 70
570 640 10 50 10
780 400 40 20 60
770 950 60 50 40
170 220 20 10 30
50 690 20 40 20
690 990 40 20 30
970 450 40 50 10
740 920 60 10 40
120 960 40 40 30
830 460 20 60 30
260 960 60 60 70
50 620 30 10 90
10 120 60 40 70
90 410 20 20 40
460 120 10 30 20
620 700 10 40 60
800 630 20 30 50
60 450 40 60 10
380 20 30 40 30
820 60 30 60 50
550 540 20 40 20
320 40 30 30 50
960 890 30 30 50
800 230 40 20 20
990 760 20 40 10
390 630 50 10 90
890 430 20 30 40
600 130 10 60 20
800 790 40 10 20
930 380 40 10 90
550 240 60 10 20
870 640 30 60 20
840 900 50 60 80
850 860 50 20 70
210 310 20 50 70
90 590 10 30 90
410 480 60 10 50
50 580 30 20 30
930 980 50 30 50
290 550 50 40 40
910 900 30 50 90
100
70 720 30 10 60
750 140 40 10 50
50 970 20 40 50
210 880 50 60 90
0 890 30 60 50
90 920 20 30 40
650 490 10 10 50
790 780 50 30 80
190 470 60 30 10
360 620 60 10 50
800 50 30 20 10
890 380 60 10 80
390 750 20 40 80
820 340 40 40 70
440 700 20 20 10
250 640 50 20 70
180 980 50 40 30
800 430 40 50 50
460 180 20 50 70
90 580 10 50 10
830 120 50 10 40
900 320 10 40 50
760 820 30 40 40
760 330 50 30 20
350 880 20 40 60
30 750 20 10 40
320 950 40 10 10
970 30 30 10 70
760 10 30 10 70
30 100 30 20 20
860 590 20 30 70
180 390 50 40 40
410 360 20 60 70
540 760 50 20 40
270 950 30 50 10
120 700 10 40 90
340 410 40 40 80
280 700 20 10 30
280 430 10 10 60
560 320 40 10 90
600 130 50 50 70
670 70 10 20 60
950 530 20 20 60
530 850 10 10 70
780 970 20 30 70
920 160 50 10 40
370 990 60 50 20
510 200 10 40 30
190 750 40 60 20
610 760 10 60 30
830 950 50 50 60
990 290 60 10 80
180 90 40 50 10
670 300 60 50 20
740 340 10 40 20
760 550 30 40 60
240 760 30 60 70
210 170 50 50 80
850 430 20 50 20
330 790 50 20 30
970 0 40 10 60
700 430 20 10 40
460 530 40 40 30
760 980 10 40 30
330 530 20 60 60
970 620 30 20 70
810 110 10 30 80
550 500 40 40 10
760 910 40 10 90
620 720 30 10 90
120 830 10 20 30
670 720 50 20 30
730 960 20 30 90
120 580 50 50 40
530 420 10 60 40
0 30 20 10 30
530 880 50 50 10
70 230 40 20 60
490 420 20 20 20
490 400 20 10 70
850 510 10 10 80
380 50 50 10 40
320 170 20 50 80
730 230 10 10 10
880 920 30 20 70
180 720 10 20 40
420 150 60 20 20
580 950 30 50 30
680 920 60 10 80
460 790 50 40 20
160 960 20 10 30
460 480 30 30 50
990 420 50 50 10
760 160 60 30 70
950 660 50 20 80
920 620 40 10 40
10 590 60 30 10
290 620 20 10 30
320 830 30 10 30
230 60 60 40 20
100
430 140 50 60 60
970 0 30 30 10
60 130 10 40 10
170 560 60 40 10
70 700 20 30 70
570 130 30 40 30
760 940 30 30 80
950 430 50 30 80
960 190 40 60 70
660 990 30 60 40
200 420 40 40 90
740 380 60 10 80
680 70 20 30 50
80 400 60 10 40
360 210 60 50 10
290 990 30 50 60
430 530 60 20 60
830 990 50 10 50
180 190 60 10 30
160 320 50 10 20
830 380 10 30 20
720 770 50 50 10
380 550 10 10 60
570 300 60 30 40
80 790 30 20 70
920 480 10 50 60
180 520 60 20 80
140 20 40 60 70
710 260 20 50 40
960 360 50 50 80
60 900 40 30 30
380 350 50 30 10
280 650 40 20 90
420 400 60 10 30
920 990 60 40 80
760 670 50 30 20
940 780 30 40 30
510 940 60 10 20
860 500 40 60 60
890 330 40 50 90
390 580 40 10 90
730 50 50 20 70
20 700 40 60 80
840 800 20 30 60
840 310 20 20 70
800 60 10 30 80
990 780 30 40 90
450 340 60 20 50
660 250 20 20 20
640 160 60 60 40
640 660 30 50 10
270 680 60 50 30
750 200 40 50 40
170 380 50 30 70
270 40 10 50 70
100 940 30 60 70
320 540 50 10 90
500 870 30 30 70
190 850 20 10 30
630 410 20 50 10
40 770 10 30 70
580 680 30 60 80
640 470 20 60 20
220 930 40 20 60
380 290 30 40 30
480 920 20 30 30
40 580 10 50 90
660 290 20 30 70
160 660 50 50 30
840 440 40 10 80
40 310 50 10 10
620 770 20 60 20
30 70 60 50 80
610 610 50 20 70
670 110 60 40 90
760 130 50 20 70
540 50 10 30 10
810 270 50 20 40
830 160 60 40 20
270 790 60 60 90
250 50 10 30 70
360 40 60 20 30
400 10 30 20 60
270 190 60 10 20
980 910 50 40 50
780 0 10 20 30
730 880 30 30 80
40 370 30 60 90
440 940 20 60 40
60 570 10 10 20
320 240 10 40 20
510 650 50 40 70
920 540 60 40 70
660 890 20 50 50
360 310 10 10 90
850 40 30 50 60
550 200 50 50 10
220 90 20 30 20
230 210 20 50 10
920 870 30 30 90
100
790 550 60 20 50
700 370 50 50 20
580 300 40 20 10
640 250 20 50 30
160 520 30 50 10
60 360 10 10 10
410 910 40 30 10
140 110 30 60 80
660 440 10 20 60
130 830 60 30 60
90 530 10 40 30
720 660 40 30 10
700 500 20 20 40
990 850 50 10 10
430 240 60 20 60
460 400 10 40 90
430 670 30 10 90
50 840 40 60 90
550 300 20 30 60
810 900 10 60 50
920 390 10 30 50
460 330 50 10 20
980 520 30 20 90
980 0 60 10 90
330 930 30 30 40
220 590 40 10 70
10 720 60 30 90
950 370 60 50 40
870 150 20 20 60
650 70 20 40 20
370 770 50 60 80
520 630 20 30 40
750 470 10 50 80
620 810 50 60 10
300 600 10 30 20
310 840 60 10 70
740 630 30 10 10
770 790 40 60 50
730 310 40 30 30
700 710 60 50 20
10 140 10 60 30
790 690 60 20 70
0 970 40 40 80
50 30 50 20 70
610 10 10 20 40
300 970 10 10 80
320 180 60 30 20
210 150 50 10 40
560 110 20 10 70
450 570 30 30 80
860 790 50 10 90
270 790 60 10 90
180 650 10 40 70
300 890 20 50 40
60 590 20 60 60
600 540 60 30 60
800 620 20 50 20
250 750 40 30 60
250 700 30 10 20
880 400 20 50 40
260 170 40 10 80
550 380 40 10 80
240 290 30 30 40
240 650 10 40 80
540 880 30 60 60
800 100 50 30 30
610 940 40 20 10
440 470 30 60 80
750 90 40 60 70
340 70 30 10 10
530 760 40 20 20
840 900 10 30 20
160 920 40 40 70
470 270 60 10 20
600 350 20 10 50
250 540 10 20 50
620 730 20 20 10
430 80 60 40 60
250 130 30 10 20
970 40 20 10 30
830 730 60 10 90
990 550 10 60 10
610 980 50 10 60
920 90 20 30 90
180 140 20 10 30
890 890 10 50 90
840 400 20 10 80
130 30 20 10 40
750 260 30 10 40
940 600 30 20 60
160 320 50 30 40
30 160 40 40 20
90 280 30 50 80
890 350 20 20 10
440 690 40 20 50
460 180 10 50 40
700 970 50 30 40
110 430 40 50 90
700 860 20 10 50
100 990 60 30 30
100
650 470 20 40 50
420 730 40 40 30
90 470 60 50 10
110 940 40 60 90
740 330 40 10 70
50 90 60 50 40
40 380 60 30 90
330 770 40 60 30
910 950 50 60 70
780 960 40 20 90
520 30 20 10 20
0 200 20 60 90
670 890 20 40 30
220 890 10 60 70
370 850 40 10 20
490 530 20 50 70
810 290 30 10 80
730 350 50 50 20
490 70 60 20 20
620 560 10 20 60
140 710 10 20 50
780 670 20 40 30
780 470 40 20 60
430 10 60 20 70
170 670 60 10 80
990 780 30 60 90
160 890 10 30 50
410 140 10 10 40
210 760 20 10 90
140 50 50 40 10
710 570 20 30 70
120 180 10 10 20
520 780 40 60 40
220 170 10 40 30
70 650 20 50 30
320 500 50 40 90
480 140 40 10 90
470 180 10 40 40
270 80 10 60 10
630 940 10 50 50
360 0 40 30 90
660 320 20 60 10
720 780 40 30 30
380 80 20 30 80
720 950 20 50 80
830 410 10 10 40
210 970 50 30 80
570 80 40 10 50
860 500 40 10 90
420 790 50 20 10
880 980 10 10 20
520 240 10 30 60
210 400 40 50 50
460 250 20 10 50
230 310 20 30 40
360 920 40 30 30
180 420 20 60 90
220 80 30 50 90
840 230 10 10 40
580 310 50 20 80
980 350 20 20 30
810 50 60 20 30
910 0 40 10 90
490 460 50 50 10
900 30 30 20 40
890 140 30 60 40
580 700 10 60 90
350 330 30 10 20
460 980 20 60 30
900 780 30 30 20
970 990 20 10 80
730 70 10 40 20
400 390 50 30 20
290 560 30 10 10
660 100 10 60 30
940 490 10 40 50
840 790 30 30 50
780 190 40 50 80
700 210 20 40 70
280 410 60 20 90
240 730 50 50 50
750 100 40 50 60
970 60 60 60 40
570 530 20 30 40
530 310 20 50 60
550 140 30 10 30
390 730 10 50 40
900 540 10 50 30
730 210 40 60 10
250 470 20 50 60
480 670 30 50 30
60 260 60 10 10
0 780 40 20 50
120 580 20 10 70
420 330 50 10 70
530 990 50 30 50
790 510 30 60 20
250 170 20 10 30
250 850 30 40 80
600 370 20 60 10
100
180 30 20 60 60
100 830 20 10 60
850 490 10 50 70
460 510 60 30 90
750 330 20 40 70
950 430 20 50 60
760 970 50 10 90
290 140 50 40 20
420 410 50 40 10
460 40 40 30 40
510 100 50 50 60
390 740 10 50 50
710 450 40 30 50
460 710 40 20 30
820 670 50 40 30
680 890 30 30 70
30 800 30 10 50
960 800 60 30 30
430 940 60 10 20
210 870 60 60 40
120 680 30 30 10
680 110 60 10 50
640 140 20 10 30
820 30 10 50 50
260 190 30 20 30
660 420 10 40 30
520 650 10 60 10
90 560 20 10 70
710 690 50 10 70
50 870 50 10 60
330 360 60 50 60
90 460 60 20 90
330 740 40 30 60
960 740 40 50 80
200 100 20 10 90
780 120 30 50 40
370 110 10 10 50
730 740 60 60 60
390 810 20 40 50
990 550 20 40 30
80 750 30 20 80
270 80 60 30 10
420 100 60 20 10
520 730 60 50 30
200 690 10 40 90
910 960 10 60 70
910 100 50 60 50
870 310 40 50 60
640 260 30 40 10
280 770 10 30 40
150 320 30 20 20
50 130 20 50 10
970 990 50 30 50
780 40 30 50 60
820 970 30 60 40
870 210 30 10 10
510 900 50 60 30
170 810 20 60 20
730 660 20 10 40
810 910 20 20 90
710 990 10 30 20
620 320 10 60 20
210 610 60 30 70
220 230 40 40 40
520 270 30 40 70
590 960 10 60 80
490 440 60 40 30
870 760 60 20 30
140 140 20 30 90
760 890 30 40 50
400 270 50 60 50
890 800 30 20 40
800 20 10 10 70
20 400 30 60 30
190 750 30 10 80
860 10 40 20 30
20 30 30 10 10
760 460 10 50 30
430 770 40 60 70
980 30 30 30 20
280 250 20 60 50
570 870 60 10 80
570 670 30 20 50
70 220 40 40 60
950 620 20 20 80
880 850 40 20 10
40 310 20 40 80
920 320 50 50 20
440 140 40 10 10
830 760 30 60 30
940 890 60 20 20
110 360 50 30 90
560 350 20 20 20
300 930 40 50 80
880 690 50 50 90
930 580 10 60 90
0 0 50 20 20
590 590 10 20 40
990 610 30 10 60
350 570 40 40 70
100
40 440 40 50 10
320 690 10 60 70
360 650 10 20 30
920 700 40 40 10
320 640 30 30 90
430 640 60 60 90
370 930 30 60 70
450 260 30 40 20
150 870 50 20 10
30 130 50 50 70
870 0 20 30 40
200 790 10 20 70
980 560 40 30 50
340 850 50 50 40
900 920 20 50 20
940 0 30 20 40
780 460 10 50 60
830 790 20 30 20
730 800 10 40 60
430 430 40 50 20
640 0 60 60 20
240 860 10 40 20
500 440 40 40 30
230 500 10 30 90
260 190 50 20 70
350 750 10 60 40
260 500 30 10 40
570 350 20 50 10
420 230 30 10 90
710 240 30 50 70
350 30 60 10 40
610 480 10 50 40
530 30 60 60 20
280 550 30 40 30
400 690 20 50 50
950 160 40 60 30
860 470 50 60 30
110 500 20 60 50
410 250 10 60 80
310 410 60 50 40
850 230 10 10 10
490 910 30 20 80
630 380 30 60 40
880 310 40 60 20
240 20 40 40 30
520 270 50 60 20
30 800 30 40 70
710 80 60 30 40
990 380 40 20 50
760 610 20 10 20
450 50 20 10 90
420 160 50 60 80
500 620 60 30 90
260 440 30 50 70
850 540 30 10 60
940 90 30 20 30
200 760 10 10 20
120 350 40 30 20
380 330 50 50 40
320 210 20 20 80
180 660 10 40 90
560 780 50 50 80
890 830 20 40 30
740 960 60 50 20
780 740 60 30 80
870 140 50 50 80
200 430 30 30 80
70 600 20 40 90
530 490 20 50 90
910 610 10 40 40
880 410 40 40 10
400 530 60 40 10
870 770 30 40 70
200 130 20 30 80
880 40 20 30 60
780 340 30 50 90
520 550 50 60 20
500 170 20 50 60
830 520 10 10 90
750 570 30 20 50
830 270 20 40 30
430 90 30 50 80
990 870 50 60 50
760 750 10 60 90
980 610 30 30 80
0 680 60 60 40
620 690 50 60 30
930 340 30 30 10
220 330 60 60 30
440 710 10 30 60
930 460 20 30 80
260 600 50 40 90
50 330 30 40 30
620 560 60 40 30
230 590 10 50 20
890 880 40 10 20
560 150 40 60 70
790 520 20 40 20
220 270 40 40 90
160 210 40 30 20
100
400 860 60 40 50
50 560 30 20 80
910 950 20 50 20
920 370 20 30 80
10 900 50 60 50
140 940 10 40 20
890 880 60 30 70
200 750 40 10 50
800 40 30 60 80
590 920 20 50 40
0 800 20 50 70
840 820 40 60 40
760 810 20 50 20
410 250 10 60 30
910 450 20 10 30
610 100 10 60 80
940 170 40 20 80
700 70 50 40 50
860 50 50 60 90
40 870 30 20 90
610 850 10 40 80
850 410 40 30 80
290 410 60 50 60
870 520 40 50 20
180 530 20 60 50
130 10 30 40 30
340 110 10 30 70
890 280 20 30 70
740 850 10 30 50
270 580 10 30 60
570 610 40 60 20
820 290 20 60 70
740 190 10 60 20
680 650 10 50 10
210 220 20 50 20
310 600 30 40 50
660 920 60 50 80
130 430 30 20 30
560 750 20 20 40
250 370 40 20 20
410 330 40 60 50
800 470 20 10 70
690 20 10 30 10
320 150 40 10 40
450 500 60 60 20
540 200 40 10 40
720 530 50 20 50
250 90 60 40 20
600 220 20 50 60
350 40 50 60 20
140 300 50 10 30
910 600 30 40 70
870 230 20 40 50
170 420 10 60 30
200 30 40 60 10
420 190 40 50 80
230 870 10 20 70
890 780 20 40 10
520 10 20 10 70
100 200 10 50 90
140 860 30 30 60
70 650 30 10 90
190 440 30 10 40
200 680 50 20 50
650 460 30 10 80
890 180 40 20 30
120 520 30 20 40
380 630 50 10 90
290 770 30 40 80
280 520 10 50 80
360 270 30 10 10
910 240 40 30 50
30 260 10 60 70
70 950 40 10 80
370 500 10 50 60
390 780 20 30 70
970 710 60 20 70
120 620 20 40 70
960 10 20 10 70
460 130 50 50 60
390 730 30 30 10
110 710 40 20 30
640 930 10 60 90
790 790 10 20 50
290 190 20 40 50
530 580 30 30 60
320 680 10 10 50
600 300 50 50 90
960 450 40 30 80
530 930 10 20 50
490 640 20 40 60
860 300 20 20 40
650 210 60 20 70
700 720 40 50 10
150 260 50 30 90
180 200 10 20 80
250 10 10 60 80
70 20 10 50 40
940 100 40 10 40
420 440 40 40 90
100
760 770 20 30 40
760 420 40 60 40
380 980 60 50 70
340 570 20 30 90
470 750 30 40 40
900 580 60 10 60
620 840 30 50 30
800 570 50 30 50
100 840 40 60 70
280 320 20 30 70
150 940 30 40 60
860 460 10 50 50
780 370 30 20 20
670 980 50 30 40
290 480 20 50 50
960 100 50 20 60
510 370 40 10 90
930 40 10 20 30
170 0 20 60 40
650 220 60 60 10
330 900 10 10 20
730 620 30 20 60
410 360 40 50 60
140 730 50 10 10
890 320 10 10 30
530 670 40 50 80
720 420 30 20 70
50 630 10 40 40
670 700 20 30 80
220 240 20 20 40
430 750 10 60 10
550 130 40 60 40
240 10 60 20 60
910 750 60 10 60
970 830 10 50 30
240 280 30 50 30
730 50 20 50 40
840 160 20 10 70
710 110 30 40 20
0 560 60 10 30
210 350 40 40 20
840 330 20 10 10
570 950 20 60 10
990 530 30 40 70
960 290 60 20 80
750 180 50 30 80
940 180 10 20 30
340 420 20 50 10
910 660 20 50 90
190 770 20 40 70
220 40 30 30 50
0 820 60 20 50
920 100 20 20 80
170 410 40 30 10
390 170 30 20 70
730 340 60 10 80
410 110 40 20 30
170 240 30 30 50
940 330 20 30 60
590 690 10 40 80
860 950 60 40 30
210 680 40 40 10
980 910 40 60 80
850 620 50 40 60
500 160 20 40 70
70 410 40 60 90
650 420 50 20 30
330 670 20 10 30
100 180 40 50 20
220 770 40 60 10
500 280 10 50 40
320 570 10 50 70
280 830 60 60 60
360 660 20 60 60
390 50 10 30 80
190 670 10 30 20
120 290 20 10 10
410 650 60 40 10
10 170 60 50 20
650 200 40 10 80
80 230 10 30 30
160 180 50 20 10
780 80 40 40 50
320 790 40 20 60
780 900 50 20 10
990 160 20 40 70
830 530 40 10 30
690 470 40 30 70
530 120 10 50 90
340 270 40 30 90
140 630 60 10 90
390 820 10 60 30
80 730 20 60 10
260 550 20 50 20
430 890 50 40 70
860 900 20 20 60
430 570 30 20 90
270 930 50 50 80
430 420 10 60 30
150 360 10 60 10
100
610 680 60 20 80
980 780 30 20 90
890 640 20 30 30
810 240 30 40 60
40 560 10 30 60
880 780 40 50 40
240 290 10 20 50
950 210 20 30 50
310 290 10 40 70
370 390 60 50 10
480 870 40 40 40
170 450 10 50 20
580 0 30 50 30
970 640 30 20 10
930 620 30 10 20
0 450 40 60 30
610 400 10 20 90
540 360 30 50 20
560 280 10 60 90
360 960 40 50 30
670 740 60 10 80
100 20 20 50 90
330 280 60 50 90
990 340 20 10 40
250 480 20 60 30
570 560 10 30 60
870 570 40 10 30
550 740 40 60 50
100 240 50 60 10
750 970 30 10 10
690 280 40 10 20
330 810 40 60 90
900 500 50 40 40
200 600 40 60 60
650 740 10 20 70
220 130 20 60 10
860 910 50 40 40
160 780 10 60 70
590 520 40 10 60
260 800 20 20 10
60 540 20 30 50
240 770 50 10 80
60 980 50 50 60
120 710 30 40 80
900 880 50 20 20
250 130 30 10 30
810 10 60 20 20
760 300 60 10 90
720 10 50 30 30
20 110 40 50 10
200 20 10 40 10
400 870 20 40 80
190 460 50 10 60
260 710 10 50 50
590 600 40 60 30
290 20 50 10 20
360 40 10 20 80
80 190 30 10 90
320 380 40 30 20
80 440 20 40 60
810 180 20 20 10
490 620 10 20 70
220 570 50 20 90
630 380 10 10 50
70 680 20 20 30
810 60 30 10 40
480 540 10 40 70
740 750 30 40 10
260 910 40 30 20
860 250 20 20 30
630 810 60 40 40
170 190 10 40 50
750 50 30 30 50
500 210 50 50 50
710 560 30 50 50
360 0 50 30 60
620 10 30 10 80
920 430 60 40 80
10 700 50 30 50
910 350 30 40 60
510 600 40 30 30
510 840 10 10 50
410 750 20 10 40
290 670 50 30 70
340 600 60 10 60
870 170 40 20 30
20 740 60 10 90
830 350 40 40 80
990 90 30 40 40
390 560 50 10 30
590 960 40 20 20
810 460 40 30 20
440 760 10 60 10
300 840 20 50 40
560 100 60 20 20
310 910 10 50 10
800 690 20 60 50
290 240 30 30 90
740 310 10 30 60
460 220 20 50 20
100
470 600 20 10 70
210 640 20 40 10
900 310 20 60 70
770 930 50 50 70
120 370 20 30 40
360 490 50 20 30
860 750 60 10 80
620 360 30 60 90
550 770 20 50 70
980 490 40 50 30
370 820 50 50 20
10 40 50 50 30
940 660 10 50 80
910 410 20 30 30
120 950 10 30 70
760 370 20 30 10
480 780 60 20 50
100 180 40 50 90
480 840 60 40 30
230 780 20 20 20
870 50 40 10 50
610 530 20 40 70
700 620 60 20 40
720 30 50 50 70
60 910 30 20 20
650 130 20 20 20
740 820 50 60 40
420 690 60 20 90
400 210 60 40 70
950 300 50 50 90
110 640 20 30 80
410 120 50 10 20
10 550 50 60 80
720 380 10 50 90
860 650 20 50 40
240 170 20 10 20
650 20 50 20 20
660 550 50 60 30
180 170 30 30 30
550 830 40 30 40
190 10 30 60 40
610 820 50 20 50
0 370 10 50 30
370 930 30 50 40
800 320 20 30 70
30 740 30 50 10
110 100 30 40 80
820 390 20 10 70
850 600 40 20 30
650 50 10 40 80
50 370 10 30 90
480 150 40 40 80
960 990 40 10 50
590 940 50 60 10
810 230 40 40 20
580 750 20 40 90
870 230 10 50 10
710 200 20 30 30
970 790 20 20 40
800 110 40 20 70
860 910 30 20 50
430 40 50 40 80
780 240 10 10 70
250 60 50 60 80
70 490 20 50 80
280 910 50 10 50
640 850 50 50 80
420 930 60 20 80
790 700 50 30 40
850 510 60 10 30
690 150 60 30 60
620 710 40 30 70
520 260 10 20 70
0 930 20 40 40
940 550 30 40 30
730 440 50 50 60
940 210 40 20 50
50 300 30 20 80
830 170 30 20 70
660 520 60 10 50
390 770 60 20 60
160 780 30 10 80
180 260 30 60 50
290 840 30 10 50
580 90 40 20 80
270 370 10 50 40
540 130 40 40 20
650 930 60 20 20
250 530 30 60 20
520 640 50 30 90
920 160 40 30 90
120 560 50 40 50
900 830 10 20 70
240 830 20 60 80
110 460 30 60 90
500 500 60 20 10
0 0 10 30 90
60 860 50 10 80
10 150 40 40 50
450 270 20 20 40
100
830 510 40 30 20
430 500 40 30 20
410 470 10 30 20
220 600 60 60 80
690 160 30 20 50
830 200 60 30 10
460 180 40 10 60
770 480 10 20 80
220 710 30 20 20
560 510 50 40 50
680 230 50 20 50
220 10 50 20 40
720 650 40 20 70
120 60 20 20 40
50 420 10 30 70
290 950 20 10 50
740 780 50 30 90
350 590 30 60 90
330 420 40 30 80
370 710 50 40 80
270 350 40 60 70
570 190 30 40 10
220 920 40 50 80
550 890 60 40 30
100 830 50 50 30
510 140 60 20 70
790 560 10 30 60
860 960 50 20 50
280 20 10 10 50
350 250 30 10 10
630 560 10 40 80
910 400 30 10 80
990 870 50 50 20
300 560 40 50 10
830 40 10 60 20
590 270 30 60 30
480 600 60 40 20
420 190 30 20 90
530 50 20 40 90
510 180 20 60 20
590 450 50 30 10
960 250 40 40 50
950 610 40 20 20
520 770 30 50 70
530 370 20 20 80
310 240 10 60 80
30 810 10 50 90
640 680 40 20 90
710 710 50 10 50
740 990 10 60 90
970 450 20 50 70
400 830 20 60 10
270 870 10 30 70
890 240 10 30 40
620 790 20 60 70
290 60 30 10 90
60 280 30 30 40
440 700 20 40 20
20 540 40 20 70
750 120 60 50 50
430 420 20 50 30
30 0 30 30 10
690 50 20 20 30
970 980 30 60 80
510 300 10 60 70
160 210 10 30 90
790 240 20 10 50
610 0 30 10 90
470 970 40 40 80
230 750 10 30 30
10 330 30 10 80
750 920 10 10 90
920 330 50 20 80
930 760 50 30 40
630 710 10 50 10
80 580 30 50 80
0 650 60 10 40
920 660 60 50 10
230 80 50 50 80
130 980 50 10 70
770 690 10 60 70
170 130 50 60 80
620 380 50 20 60
700 960 50 20 60
100 290 20 60 40
320 40 30 10 10
20 790 50 10 70
640 890 40 30 10
100 90 10 60 40
820 360 60 40 60
200 340 40 60 30
420 960 40 30 40
350 920 50 20 60
310 170 60 60 70
870 0 30 40 20
20 870 30 60 70
10 500 10 30 90
830 670 60 20 30
180 280 10 40 20
640 230 10 10 90
100
690 420 30 50 20
650 360 30 20 30
420 630 30 10 70
680 290 20 50 10
260 470 50 40 80
820 410 50 60 80
590 650 20 60 40
970 200 30 30 30
170 130 40 30 80
90 120 50 50 10
590 360 50 60 40
100 330 60 60 20
800 810 20 20 30
560 440 30 10 80
230 680 40 40 90
850 640 10 40 40
190 170 50 60 10
110 30 30 10 80
520 900 50 60 20
960 400 40 30 50
470 600 20 10 20
170 890 50 20 50
200 480 40 60 40
710 90 30 10 20
330 640 10 10 50
260 990 60 60 40
390 360 60 40 40
110 760 20 60 10
750 100 40 30 10
950 100 20 30 20
370 740 60 30 80
140 640 60 10 30
370 220 60 40 20
40 410 20 40 80
310 540 60 30 90
470 350 10 20 60
460 60 50 30 70
860 510 10 10 10
580 990 50 20 90
930 920 30 20 60
930 640 50 50 10
410 520 40 40 60
710 490 10 30 40
330 850 60 50 10
10 610 10 30 80
530 710 40 10 30
180 860 50 20 20
380 810 50 30 50
880 430 20 20 70
730 960 60 30 20
70 620 30 20 10
230 610 60 60 90
190 380 10 30 70
780 600 40 20 40
540 970 30 30 50
540 480 10 60 70
270 190 40 40 60
40 180 10 10 10
790 340 20 10 50
960 700 10 30 30
320 450 40 20 10
170 480 20 50 20
890 780 20 60 90
710 880 30 50 10
510 640 50 40 90
40 890 30 40 10
550 800 40 60 50
700 750 30 10 70
250 380 40 40 90
920 290 40 50 80
560 760 50 10 40
850 570 20 30 40
750 150 20 10 20
490 830 10 30 60
50 270 60 40 90
770 180 50 40 20
420 170 40 40 50
170 590 50 10 20
770 850 30 40 40
580 590 10 40 90
330 690 20 60 40
50 750 30 60 80
660 610 50 10 20
80 660 60 60 10
40 940 40 40 50
390 630 20 60 50
120 490 10 60 60
240 920 20 10 70
910 490 10 20 40
390 950 10 40 10
840 870 60 10 70
960 240 20 20 10
750 850 10 10 90
790 250 40 40 90
710 20 60 50 60
40 340 10 10 50
560 290 30 10 30
330 140 20 30 20
20 70 10 40 40
830 920 60 60 10
100
550 840 20 10 10
870 230 40 40 80
430 290 60 40 70
650 970 40 30 70
340 280 60 30 50
300 120 60 40 70
710 100 40 60 20
600 780 30 20 30
190 660 40 10 30
290 720 20 50 20
940 140 30 60 60
450 520 50 60 40
950 580 20 20 80
510 510 30 10 60
720 400 20 60 20
440 890 30 60 70
990 780 60 50 60
600 210 10 30 20
560 370 50 50 70
580 310 20 10 40
800 790 50 10 70
30 560 40 30 40
390 380 20 20 20
780 900 30 60 30
550 470 50 20 30
390 910 40 40 90
0 400 50 50 50
510 860 10 10 30
510 550 40 50 80
790 500 50 10 40
90 700 60 50 10
150 170 60 50 80
920 730 20 50 60
710 210 30 50 40
680 330 60 20 10
790 110 40 40 30
950 650 60 60 40
10 0 40 60 70
40 300 50 30 20
170 140 30 10 50
490 910 40 10 50
860 0 10 60 80
580 580 50 10 20
290 100 30 10 60
590 260 50 10 40
190 530 20 50 60
760 640 40 60 50
430 440 30 20 60
160 870 20 60 90
370 170 10 60 30
610 430 40 30 50
910 530 10 20 30
430 610 20 50 90
920 940 50 10 80
710 510 60 50 40
260 370 50 50 70
550 900 60 40 10
710 940 50 10 70
500 100 40 40 80
950 20 20 20 30
170 750 20 10 30
320 750 20 10 70
760 110 10 30 60
360 380 10 40 40
680 420 20 60 70
890 840 10 20 10
60 230 20 10 50
260 230 10 30 80
970 400 30 40 10
60 350 20 30 50
700 20 60 40 80
0 800 10 10 30
930 980 40 20 60
290 510 50 30 50
100 450 40 60 70
250 10 10 50 10
420 200 40 20 60
100 290 60 40 10
510 710 30 10 70
950 450 40 60 10
480 260 50 20 50
310 40 50 20 60
530 950 30 40 80
810 810 30 30 70
150 570 20 10 40
870 630 60 30 80
430 770 60 20 10
460 850 40 30 50
330 840 30 50 40
120 950 60 30 10
280 220 50 20 70
560 610 30 30 80
160 630 10 40 70
430 100 60 60 60
820 600 10 30 60
220 570 10 10 50
570 720 60 10 10
390 60 60 20 20
970 730 60 40 30
620 190 50 60 90
100
910 250 60 30 50
90 590 30 20 90
440 960 50 10 20
110 160 50 10 80
420 590 10 30 70
790 840 10 40 10
840 560 20 60 90
780 930 40 20 30
430 650 20 20 80
410 330 60 20 40
770 760 60 60 40
850 690 60 10 50
920 900 30 30 20
720 870 50 60 10
580 360 30 40 60
840 400 20 60 40
160 630 10 10 50
570 850 20 40 90
730 480 60 20 90
0 940 50 50 80
890 370 20 20 90
800 150 30 60 10
710 140 40 60 20
140 430 10 30 10
980 60 30 60 30
410 880 20 20 70
100 110 10 30 40
970 140 40 20 20
590 20 20 20 90
420 380 20 30 70
330 420 50 50 30
60 240 20 20 50
990 900 60 40 20
130 700 50 30 20
510 790 40 20 60
320 930 10 60 80
960 620 40 20 90
50 340 40 60 80
730 360 40 20 70
220 160 10 10 30
670 400 10 50 30
10 450 20 50 10
650 730 50 20 90
80 940 40 50 30
220 910 30 20 90
640 940 30 50 60
690 810 10 60 60
180 530 20 60 80
260 490 20 40 70
360 630 40 60 30
880 150 20 20 40
220 940 30 40 70
0 310 40 10 20
150 300 50 30 20
570 730 50 50 30
390 110 60 10 10
920 990 40 30 10
830 640 30 40 20
600 140 60 20 90
890 880 30 10 80
740 990 60 30 50
960 210 10 30 80
240 260 10 50 40
900 420 30 50 80
370 550 40 30 40
740 50 20 20 40
460 510 50 40 20
30 410 40 30 20
400 180 60 30 20
20 210 30 10 90
630 490 30 10 80
840 40 40 30 40
740 700 30 10 80
430 710 20 60 80
170 830 50 10 10
880 180 50 30 80
0 230 40 30 30
370 930 10 50 80
730 510 30 30 10
760 280 30 20 70
290 110 60 10 60
740 10 60 20 50
150 670 30 20 40
320 90 20 10 70
190 770 20 40 20
280 300 30 50 50
190 30 40 10 10
250 820 10 10 20
590 240 50 10 50
170 370 40 30 40
250 610 20 30 20
370 780 30 60 50
610 880 60 50 90
70 270 20 60 30
670 40 50 20 50
90 470 10 20 90
260 680 40 50 30
710 90 40 30 30
90 500 50 20 70
740 420 30 30 20
100
260 160 20 20 40
310 450 20 40 50
450 120 20 50 70
570 840 10 50 10
980 890 50 50 50
760 50 50 20 30
440 500 30 50 70
930 60 10 10 70
620 600 50 50 30
490 370 10 40 20
180 520 10 10 30
520 760 20 20 10
630 730 40 10 50
190 60 40 20 20
220 950 50 10 70
120 520 10 20 10
840 850 20 10 20
220 790 60 50 90
370 930 60 60 30
200 150 20 10 20
960 150 50 10 40
770 390 60 30 70
350 200 40 40 40
720 800 10 40 50
80 990 30 10 90
730 270 10 60 30
890 750 30 50 20
130 140 20 50 70
680 440 40 60 10
70 940 10 40 10
970 280 20 10 30
590 320 10 10 30
170 960 10 40 70
170 720 60 30 40
610 180 60 10 10
940 200 60 60 70
990 970 10 20 10
280 880 30 30 90
660 920 60 40 40
360 170 40 20 30
280 620 10 20 90
190 610 50 40 10
880 320 60 50 80
320 180 10 60 40
360 570 40 60 20
800 160 50 60 50
730 160 10 40 70
160 270 60 50 90
970 710 20 60 50
130 200 50 20 20
140 550 50 50 40
920 570 40 50 50
90 480 50 20 10
440 360 20 30 20
210 390 60 30 30
430 610 30 10 80
630 280 30 30 10
800 280 40 30 10
520 310 10 50 70
270 20 10 20 50
920 540 10 20 90
80 90 20 50 50
210 850 10 50 70
570 340 60 50 30
490 90 20 40 80
20 220 10 10 10
120 840 10 20 70
340 770 10 20 50
370 810 10 20 50
680 980 20 50 10
130 330 20 30 30
990 0 50 60 90
700 530 60 60 30
0 100 10 60 40
220 580 10 10 40
900 710 10 10 10
360 130 10 10 90
40 810 40 60 70
220 190 30 20 30
860 200 40 30 80
350 310 30 30 50
560 780 40 40 90
580 680 50 10 70
590 460 10 10 70
140 800 40 50 40
410 310 10 10 40
800 550 30 30 80
240 80 20 20 20
0 660 10 60 60
490 700 60 20 90
650 320 50 10 10
800 110 20 10 60
50 400 50 20 70
20 470 60 60 60
60 210 20 20 40
880 380 50 40 70
500 430 60 60 40
540 170 30 40 80
260 550 50 40 90
850 670 20 10 90
100
130 80 10 30 40
30 310 40 60 60
460 780 10 50 20
530 530 20 60 20
60 200 10 10 30
750 270 30 30 60
570 470 50 50 90
100 710 20 40 60
860 90 30 60 80
580 990 50 40 10
890 360 30 30 70
10 930 20 50 60
150 850 20 30 50
960 310 40 30 30
420 10 50 50 90
210 380 60 60 90
30 770 30 30 20
70 430 10 20 20
670 410 10 10 80
520 970 10 10 40
420 530 30 20 40
320 390 50 20 30
720 290 10 10 70
190 170 10 20 40
320 930 60 30 90
690 890 60 60 10
290 280 40 50 50
880 10 60 40 30
140 330 40 20 40
720 200 30 20 40
800 580 50 30 10
460 440 50 10 30
880 570 60 60 10
320 890 50 10 50
210 230 60 40 30
900 90 20 50 50
280 180 60 10 30
840 490 50 40 50
150 830 50 10 50
60 940 60 40 30
600 80 10 30 30
900 250 50 40 80
290 770 50 10 80
190 130 50 10 70
980 630 10 20 50
350 160 40 50 90
730 320 10 50 70
310 720 60 10 40
850 360 10 40 40
910 750 40 40 80
250 640 30 30 90
110 230 50 20 10
110 380 60 20 90
510 170 30 60 60
400 880 30 40 40
850 640 40 40 80
670 200 20 30 70
500 50 50 10 70
570 790 60 60 30
650 750 50 50 60
110 880 10 20 10
130 740 10 60 80
910 450 10 50 30
660 360 10 30 90
660 650 10 50 90
530 90 30 40 80
110 420 60 20 90
50 990 40 10 70
500 350 40 10 70
950 940 60 30 60
750 130 60 60 90
280 470 30 60 60
680 830 20 40 30
40 570 20 60 10
770 720 10 40 70
30 220 50 30 60
130 640 10 40 50
520 410 10 50 10
620 240 30 50 90
780 20 50 60 50
340 640 10 20 40
360 820 50 30 60
190 920 50 30 30
150 720 10 60 20
980 50 20 30 60
980 580 30 40 20
510 830 10 20 20
590 900 60 60 70
150 580 20 30 50
570 630 30 40 60
470 150 20 20 70
480 380 20 40 70
0 490 60 40 90
980 670 50 10 20
180 620 30 30 80
990 140 40 30 60
820 850 30 40 80
370 590 60 60 90
560 400 30 10 10
890 980 30 30 70
100
480 490 30 50 30
750 660 20 20 60
960 940 30 20 70
480 700 40 40 80
120 990 50 30 90
210 960 10 30 90
660 890 30 10 70
730 820 30 10 10
30 10 60 40 30
650 990 10 20 60
860 340 40 40 80
570 780 50 50 20
700 370 10 10 40
800 870 20 20 90
300 210 60 20 70
240 940 50 20 20
360 110 40 60 70
310 570 30 10 30
680 790 40 50 90
90 570 50 30 70
680 920 60 30 20
50 760 20 40 70
980 860 20 30 90
610 140 50 20 90
250 240 30 20 90
350 910 60 20 30
10 300 10 20 80
830 280 50 10 70
810 120 30 20 60
150 570 60 40 80
780 900 50 40 20
10 630 30 10 90
310 920 20 10 10
970 720 60 60 20
910 670 20 20 90
900 470 40 50 10
350 560 60 10 20
90 70 50 40 20
760 860 10 60 90
480 980 50 10 70
780 400 20 50 50
500 810 40 20 40
700 90 20 50 10
860 570 60 30 60
210 840 40 60 90
390 750 20 50 50
760 220 20 20 60
650 10 40 60 80
740 40 50 50 80
30 930 60 50 90
130 810 10 30 20
570 80 10 20 90
930 970 10 50 70
830 470 30 20 20
420 260 10 20 90
30 390 30 20 60
310 110 40 30 80
480 200 50 40 50
610 640 40 40 30
610 420 10 40 30
260 40 60 60 40
670 240 40 60 10
960 450 20 40 10
40 850 20 20 40
540 580 60 20 30
690 450 30 40 30
590 250 40 50 90
720 530 10 30 70
20 470 40 20 70
0 880 20 60 10
850 670 30 30 90
610 20 20 20 80
140 290 60 50 60
570 410 30 10 40
590 950 10 10 40
990 640 30 20 90
240 330 60 40 60
420 10 50 30 10
590 690 60 30 30
430 90 30 10 50
80 260 50 60 20
900 110 30 60 20
950 540 60 20 20
910 410 40 20 20
820 160 20 20 10
450 130 40 20 40
780 290 20 20 30
440 590 30 10 60
180 500 30 30 70
490 900 50 10 20
990 360 50 30 80
10 180 10 40 40
80 640 60 40 20
640 740 50 30 90
760 720 40 40 20
90 720 40 30 40
540 660 20 40 90
630 330 30 60 80
640 520 10 40 70
60 330 60 30 80
100
840 900 20 10 30
480 530 40 40 30
980 610 60 30 20
950 380 30 60 10
200 310 30 60 70
200 680 60 40 30
300 360 20 40 50
410 990 10 10 50
290 0 10 20 40
310 130 50 40 90
770 850 20 20 70
990 400 30 60 90
650 160 20 50 70
790 240 50 60 30
210 130 20 30 30
630 660 30 30 30
450 140 20 50 40
870 750 50 20 60
670 920 50 60 70
460 760 60 10 60
60 170 30 40 50
40 730 30 50 10
100 460 60 60 40
670 340 20 40 50
820 920 60 40 50
560 630 40 60 20
180 630 10 60 50
230 450 20 10 40
620 830 50 60 50
880 590 60 40 50
0 710 20 10 60
100 40 10 50 80
610 970 40 10 10
750 920 40 40 50
150 610 20 20 70
760 980 50 20 80
10 530 10 50 90
300 880 10 30 70
880 30 40 30 10
450 430 30 40 70
120 380 50 50 70
160 940 40 10 40
180 50 30 60 50
440 910 20 60 50
990 960 60 50 80
600 370 40 50 10
240 980 60 50 20
310 920 20 50 70
80 760 40 20 60
100 320 40 10 10
360 630 30 60 50
450 240 30 30 90
580 710 60 50 40
680 450 40 60 80
260 50 40 60 40
770 80 40 20 10
60 660 20 40 10
220 900 20 60 80
100 100 60 40 90
320 790 60 10 50
850 810 40 30 10
660 520 50 60 10
760 280 10 40 50
980 780 30 20 60
280 410 50 20 10
360 410 30 60 80
420 620 30 10 60
410 500 20 50 80
860 110 20 40 40
300 270 60 10 80
110 270 10 40 40
770 830 60 10 40
300 320 50 20 50
540 650 10 50 50
490 910 50 40 40
840 520 10 50 50
450 120 60 10 30
340 700 60 30 50
470 840 30 20 50
830 440 50 20 90
730 960 10 50 70
300 570 20 20 40
780 770 40 40 90
830 0 40 50 40
650 390 60 30 60
900 160 40 10 90
240 330 30 30 60
860 260 30 30 90
370 220 60 10 10
280 160 20 30 70
840 140 10 60 60
680 730 50 20 70
630 450 10 10 90
120 570 40 10 60
540 300 20 20 50
80 920 60 20 10
900 940 60 10 20
310 500 40 10 40
440 560 10 30 20
990 130 10 60 30
100
690 310 10 60 20
690 880 30 20 30
480 750 20 30 20
890 550 40 10 20
250 590 10 20 40
660 860 10 40 10
380 280 30 30 30
530 70 10 60 40
440 400 10 50 80
300 610 30 60 60
520 140 20 40 40
620 290 20 40 80
240 20 10 40 40
390 140 30 40 10
880 950 30 10 70
260 350 20 40 30
940 140 30 20 70
730 800 10 60 50
940 180 30 10 80
880 490 60 30 10
0 260 60 30 30
630 730 40 60 40
900 870 30 20 10
270 20 60 30 90
310 280 10 50 40
940 680 60 60 10
620 490 10 20 40
440 190 20 60 50
350 210 40 20 50
460 530 60 40 30
230 550 10 10 40
60 10 20 30 80
640 10 30 50 30
790 170 30 10 20
970 450 20 30 70
540 950 10 40 10
520 620 10 50 10
950 470 10 20 20
320 120 30 50 20
340 720 20 40 50
750 80 30 60 60
470 380 20 40 20
270 500 50 20 80
900 620 60 20 40
170 800 20 60 60
470 180 30 50 70
810 430 50 20 30
460 690 50 50 30
890 0 50 40 30
580 30 40 30 60
810 920 10 50 50
890 100 20 30 70
740 720 50 30 30
470 960 50 40 30
510 320 20 10 60
900 820 40 10 60
50 910 50 20 40
350 970 10 10 50
680 610 30 50 40
600 220 50 60 30
330 800 10 60 80
620 970 50 20 20
120 650 20 20 70
650 680 20 10 90
550 770 40 60 50
940 870 20 10 80
0 630 50 50 90
970 860 40 20 10
680 200 50 20 10
160 50 40 60 60
980 810 30 20 80
270 180 30 10 90
390 20 50 60 20
880 310 10 50 90
910 360 20 40 60
280 760 40 60 60
210 860 30 50 10
280 960 20 50 10
130 130 10 60 20
210 810 30 20 50
420 850 40 10 70
150 260 40 40 90
910 990 50 60 90
210 710 40 10 30
100 810 50 40 90
400 460 40 10 10
760 530 50 20 70
460 450 30 10 20
780 980 60 20 10
940 930 20 50 40
170 570 60 60 70
690 460 60 40 60
780 40 10 20 20
430 120 40 20 40
380 360 40 20 90
190 650 20 20 90
830 650 10 30 90
550 0 20 60 90
300 680 10 60 40
180 340 50 50 60
100
550 230 20 50 60
410 750 20 40 90
490 420 50 60 60
840 400 50 40 60
650 90 50 20 80
510 740 10 50 50
710 240 20 60 80
180 400 20 60 40
950 230 10 50 90
440 650 30 20 30
0 910 20 50 10
200 250 60 20 10
370 30 20 40 90
210 830 30 40 70
710 480 60 50 30
190 300 30 40 10
530 730 20 30 10
370 750 10 50 40
30 910 20 30 40
950 100 60 60 90
670 370 30 10 90
680 120 50 50 80
230 40 60 40 20
790 100 50 30 80
790 770 50 40 20
860 720 40 10 80
910 360 20 10 70
860 490 60 50 10
770 620 60 30 20
70 310 60 50 50
550 590 60 20 20
810 230 40 60 90
340 700 30 20 50
500 10 10 30 50
320 430 50 20 20
250 940 50 10 80
360 650 30 20 90
610 80 20 10 90
130 500 40 40 70
150 50 50 20 40
230 640 60 10 80
970 280 50 50 40
650 60 10 10 30
0 710 30 20 80
330 350 30 60 90
130 110 60 60 40
380 140 10 20 20
300 860 20 50 10
110 50 30 40 10
340 640 10 20 50
860 580 10 20 40
40 140 50 10 10
960 620 10 30 20
100 750 50 20 10
310 770 50 10 40
690 860 10 60 20
350 880 30 10 90
280 180 40 30 60
640 480 30 30 70
420 720 30 20 70
900 880 40 60 70
650 30 60 20 40
460 820 60 50 30
590 230 60 10 40
680 980 20 20 90
20 70 10 40 20
520 140 40 20 90
330 940 60 20 20
790 480 20 60 10
360 470 20 10 70
140 360 50 10 60
740 940 30 30 10
390 620 60 20 10
990 70 40 20 10
660 540 30 60 60
190 490 30 50 90
450 890 20 60 80
20 180 60 40 90
840 660 40 20 80
140 720 50 20 70
30 490 60 60 10
270 730 10 50 70
70 620 30 40 90
300 650 10 20 20
890 210 40 60 20
690 720 40 40 10
120 810 50 10 60
120 200 40 50 30
250 430 50 10 60
320 570 60 40 50
660 670 50 20 40
980 810 40 60 50
630 870 10 50 20
220 980 50 10 50
210 720 20 60 90
410 110 10 30 90
500 80 60 50 10
760 350 60 40 50
550 960 30 40 40
720 540 40 50 40
100
910 140 40 10 50
130 610 30 30 10
500 80 10 40 60
820 430 10 60 10
910 210 10 30 80
130 300 30 50 20
130 700 30 50 80
880 880 30 30 30
410 880 30 40 40
50 320 50 20 30
810 80 30 60 50
320 980 60 50 80
20 880 30 30 60
290 250 40 50 60
880 300 60 50 50
220 510 40 50 40
100 20 30 60 70
130 960 40 40 40
290 910 40 50 60
200 650 50 50 90
380 590 20 30 30
690 570 50 20 30
180 360 20 40 30
60 680 20 50 30
600 20 20 20 80
840 390 30 40 10
410 980 50 40 40
990 320 60 50 60
520 110 20 50 30
790 10 20 40 60
510 500 60 30 30
560 590 20 40 10
860 760 40 10 30
800 610 30 10 40
700 170 60 30 70
140 190 50 20 70
430 830 20 30 30
510 960 60 60 50
890 690 20 30 80
520 260 30 60 30
750 630 40 50 10
270 840 20 10 20
920 490 10 10 90
260 640 60 10 50
340 0 20 40 50
50 100 50 40 80
700 830 40 60 90
820 850 30 50 90
280 90 40 10 20
100 490 20 20 10
670 230 20 30 60
490 620 60 10 50
740 970 30 10 80
380 420 60 10 60
680 450 40 10 60
310 470 10 20 50
570 320 40 40 60
970 780 40 40 20
20 810 50 60 70
210 740 10 30 50
650 20 60 20 10
660 620 40 20 30
630 320 10 30 20
760 540 60 60 80
390 530 60 20 70
150 250 20 20 60
510 640 50 30 30
630 280 20 10 30
300 110 20 10 40
740 270 40 60 80
710 940 30 20 70
300 350 60 10 60
460 710 60 50 70
240 60 30 50 10
540 180 10 30 30
640 920 60 40 60
720 690 50 40 10
890 820 10 30 60
100 610 10 40 30
0 980 50 50 80
420 350 10 30 80
410 40 30 10 60
370 10 30 30 40
90 570 60 20 20
10 480 30 10 90
240 400 10 60 70
700 410 50 10 50
380 440 40 60 90
910 930 30 60 20
470 820 50 60 90
860 560 60 30 50
920 10 40 50 90
530 360 10 60 10
170 860 40 50 60
490 920 20 10 50
380 190 10 30 10
550 810 10 30 80
410 160 30 60 80
60 490 20 60 30
660 510 10 50 90
100
780 60 60 60 90
860 980 20 20 60
10 250 30 10 20
990 20 20 50 60
620 510 40 60 10
260 670 10 20 60
50 50 40 30 30
150 360 40 40 40
690 440 40 40 60
200 570 40 30 40
200 60 60 60 90
940 110 40 10 30
650 940 50 20 60
200 900 10 50 50
610 930 10 20 40
470 410 30 30 30
400 350 30 10 40
670 250 30 10 10
870 670 60 40 80
570 860 50 40 60
280 210 40 30 40
910 830 60 30 30
100 770 40 30 80
970 150 10 30 20
90 300 60 10 90
730 630 50 40 30
410 810 30 60 20
890 860 10 50 30
240 840 60 60 30
800 810 30 60 30
500 240 40 30 80
900 750 40 30 70
760 250 40 50 90
910 310 30 30 80
420 960 10 10 30
750 220 40 20 90
600 110 10 30 90
860 620 40 40 30
950 440 40 30 90
160 330 60 20 80
230 960 10 60 30
0 440 30 10 90
790 760 60 30 20
400 910 60 30 70
240 410 20 40 40
90 940 20 40 70
640 270 40 40 80
850 380 40 30 10
740 820 50 60 50
120 40 30 30 60
170 110 10 50 60
370 70 40 30 60
950 740 10 30 20
740 540 20 50 30
490 630 30 50 10
200 170 10 60 50
290 480 20 40 30
410 480 60 10 30
100 490 60 40 30
20 730 30 20 60
990 990 30 40 30
570 540 10 10 70
740 30 50 10 60
10 870 60 40 70
360 470 40 40 50
330 270 40 10 40
460 740 50 20 70
350 170 20 60 70
840 300 60 30 40
360 600 30 40 70
80 640 50 30 60
360 920 30 20 30
50 780 10 30 70
420 80 20 60 70
0 160 30 30 40
510 20 30 40 70
100 0 50 30 80
520 310 50 60 10
620 150 60 10 90
0 80 40 30 60
320 570 50 10 90
540 670 20 30 50
710 230 30 40 30
280 350 40 10 90
710 720 30 20 80
420 0 60 40 40
0 600 20 50 80
530 120 30 30 80
720 500 30 20 90
340 730 30 20 30
770 510 10 20 90
30 980 30 30 20
190 460 30 40 70
800 940 40 10 20
280 660 50 50 10
870 80 50 60 10
330 790 50 50 40
460 970 10 20 70
850 480 20 30 80
20 790 20 10 90
100
630 470 50 50 90
80 330 40 40 20
520 410 60 10 20
740 790 10 50 80
560 310 30 50 80
590 720 50 60 30
360 600 50 10 40
710 160 50 20 70
840 810 10 50 90
250 470 50 30 30
540 960 40 60 60
420 570 30 20 50
710 610 10 40 70
490 220 60 20 50
580 20 20 50 70
250 970 20 60 40
520 510 30 10 50
10 560 10 30 80
610 110 30 50 60
230 930 20 30 90
630 990 30 60 20
900 990 50 60 40
510 590 40 60 40
130 70 40 60 10
910 790 60 20 30
860 800 20 20 80
380 170 50 10 20
160 600 50 50 50
100 810 40 50 80
670 830 10 20 40
150 220 20 10 40
440 980 20 50 30
970 80 30 50 20
580 910 50 20 60
330 430 30 60 20
400 490 20 40 60
840 730 50 20 50
0 860 30 50 20
800 600 50 50 90
650 200 30 50 80
30 380 60 40 20
810 760 30 30 20
420 240 50 10 10
700 790 20 10 60
50 160 10 60 80
150 470 20 10 80
830 500 60 60 40
670 990 60 60 10
750 960 30 10 60
600 570 10 40 40
980 650 50 10 50
840 170 20 50 10
670 390 10 40 40
40 300 20 30 40
370 970 20 10 10
800 200 30 60 50
180 760 50 30 50
220 800 60 40 30
980 670 30 20 70
500 50 60 60 90
380 340 40 30 80
470 660 30 30 60
440 950 50 20 20
890 320 60 30 70
750 270 30 10 50
480 820 40 20 90
50 670 40 40 20
220 970 10 60 20
250 140 40 30 10
130 310 30 10 70
60 510 50 10 40
850 380 40 30 80
650 580 10 10 60
870 190 30 60 70
210 400 50 60 50
80 530 50 10 80
410 80 30 10 20
590 400 20 60 30
440 360 10 50 50
240 550 30 60 90
940 430 20 20 40
930 540 20 50 40
20 760 50 20 90
230 700 10 50 90
760 40 30 40 90
120 890 10 30 70
400 390 30 20 60
430 460 20 40 30
460 350 10 60 80
550 120 50 20 70
650 760 10 50 60
940 650 30 40 70
570 240 30 40 10
300 160 30 40 10
890 610 20 60 30
840 900 60 20 50
690 530 20 50 40
220 240 40 50 80
740 10 60 10 60
520 900 10 50 60
100
350 790 50 60 30
520 50 40 40 80
40 730 20 50 60
160 150 50 20 20
700 920 60 30 70
40 630 50 10 40
590 500 20 30 40
510 930 30 20 60
270 220 20 30 90
930 620 10 40 80
220 300 50 10 70
520 110 30 20 30
800 810 50 10 30
140 550 20 40 70
760 850 60 10 30
880 20 60 60 60
750 190 60 40 30
660 20 30 10 30
630 840 10 30 80
310 550 30 30 20
160 240 60 10 40
300 10 30 20 90
990 990 20 60 50
420 600 40 50 60
790 430 30 60 80
360 170 30 50 60
530 960 60 40 10
240 820 10 40 10
70 600 10 20 50
560 670 10 10 50
780 890 60 20 70
750 620 60 10 40
590 680 30 30 20
480 730 10 40 40
90 660 60 10 90
50 420 50 60 70
740 990 40 10 50
570 880 60 40 10
760 10 50 30 60
580 390 10 20 40
770 760 10 10 20
940 830 10 40 90
650 260 40 60 10
980 380 60 50 70
650 330 10 50 60
480 510 30 40 60
390 380 20 60 30
330 730 50 20 40
460 330 30 40 10
980 60 40 30 60
180 940 10 40 70
130 10 10 30 90
300 260 50 40 80
820 650 60 30 10
530 590 60 40 20
650 790 20 50 20
200 40 60 60 10
940 960 50 20 70
240 540 10 60 20
870 820 60 50 30
880 310 50 60 90
40 520 50 20 30
960 470 20 60 40
110 440 40 10 40
820 10 20 50 80
490 560 10 20 40
190 810 10 30 70
480 860 40 60 10
610 940 40 20 10
950 50 10 20 70
890 710 20 10 10
720 90 30 50 90
40 880 50 10 40
290 610 30 50 80
500 760 60 40 90
630 490 50 60 50
720 650 40 10 40
530 170 20 20 30
580 740 60 50 70
430 100 30 60 90
210 360 50 10 90
650 750 30 30 70
670 70 30 60 40
710 490 10 50 30
850 120 30 20 90
330 430 30 10 60
980 710 10 20 30
270 990 20 40 90
680 380 30 50 10
690 630 20 10 80
160 440 20 40 50
100 140 20 20 50
530 450 30 60 20
350 550 40 50 40
830 920 60 10 40
440 980 20 40 20
370 480 50 30 30
300 180 20 20 30
570 220 60 20 60
990 840 30 60 60
0